1.14 1
1.01 1
1.17 1
1.08 1
1.07 1
1 1
1.18 1
1.16 1
1.19 1
1.19 1
1.03 1
1.15 1
1.05 1
1.15 1
1.19 1
1.14 1
1.2 1
1.18 1
1.15 1
1.1 1
1.08 1
1.13 1
1.19 1
1.02 1
1.12 1
1.04 1
1.11 1
1.19 1
1.16 1
1.19 1
1.02 1
1.2 1
1.2 1
1.08 1
1.04 1
1.12 1
1.08 1
1.07 1
1.03 1
1.19 1
1.05 1
1.03 1
1.17 1
1.16 1
1.01 1
1.01 1
1.11 1
1.19 1
1.11 1
1.19 1
1.11 1
1 1
1.01 1
1.05 1
1.08 1
1.04 1
1.11 1
1.17 1
1.16 1
1.05 1
1.07 1
1.01 1
1.15 1
1.14 1
1.04 1
1.08 1
1.04 1
1.06 1
1.19 1
1.09 1
1.12 1
1.07 1
1.13 1
1.11 1
1.1 1
1.19 1
1.16 1
1.17 1
1.02 1
1.16 1
1.16 1
1.01 1
1.11 1
1 1
1.04 1
1 1
1.12 1
1.15 1
1.14 1
1.15 1
1.18 1
1.11 1
1.03 1
1.15 1
1.14 1
1.09 1
1.19 1
1.03 1
1.17 1
1 1
1.14 1
1.14 1
1.19 1
1.2 1
1.01 1
1.12 1
1.07 1
1.15 1
1 1
1.18 1
1.11 1
1.14 1
1.11 1
1.03 1
1.2 1
1.12 1
1.1 1
1 1
1.2 1
1.15 1
1.12 1
1.05 1
1.01 1
1 1
1.09 1
1.14 1
1 1
1 1
1.11 1
1.06 1
1 1
1.11 1
1 1
1.02 1
1.08 1
1.09 1
1.05 1
1 1
1.16 1
1.07 1
1.07 1
1.19 1
1.09 1
1.05 1
1.09 1
1.18 1
1.02 1
1 1
1.09 1
1.1 1
1.11 1
1.13 1
1.02 1
1.03 1
1.11 1
1.16 1
1.17 1
1.01 1
1.17 1
1.03 1
1.09 1
1.11 1
1.15 1
1.04 1
1.19 1
1.09 1
1.1 1
1.05 1
1.14 1
1.13 1
1.17 1
1.1 1
1.18 1
1.2 1
1.08 1
1.12 1
1.13 1
1.1 1
1.18 1
1 1
1.02 1
1.04 1
1.07 1
1.13 1
1.18 1
1.1 1
1.19 1
1.02 1
1.07 1
1.04 1
1.02 1
1.14 1
1.05 1
1.16 1
1.16 1
1.01 1
1.02 1
1.11 1
1.09 1
1.05 1
1.09 1
1.12 1
1.18 1
1.05 1
1.05 1
1.11 1
1.11 1
1.07 1
1.02 1
1.11 1
1.05 1
1.13 1
1.03 1
1.12 1
1.03 1
1.16 1
1 1
1.03 1
1.06 1
1.17 1
1.12 1
1.09 1
1.12 1
1.17 1
1.09 1
1.1 1
1.12 1
1.14 1
1.17 1
1.2 1
1.05 1
1.09 1
1.04 1
1.18 1
1.14 1
1.05 1
1.09 1
1.01 1
1.19 1
1.13 1
1.2 1
1.04 1
1.09 1
1 1
1.09 1
1.11 1
1.09 1
1.09 1
1.13 1
1.18 1
1.2 1
1.1 1
1.11 1
1.16 1
1 1
1.17 1
1.16 1
1.01 1
1.11 1
1.17 1
1.17 1
1.11 1
1.18 1
1.08 1
1.01 1
1.16 1
1.17 1
1.09 1
1 1
1.11 1
1.02 1
1.08 1
1.02 1
1.12 1
1.01 1
1.02 1
1.12 1
1 1
1.02 1
1.08 1
1.2 1
1.02 1
1.07 1
1.15 1
1.04 1
1.19 1
1.08 1
1.14 1
1.16 1
1.04 1
1.14 1
1.18 1
1.08 1
1.15 1
1.2 1
1.09 1
1.06 1
1.14 1
1.05 1
1.17 1
1.01 1
1.05 1
1.01 1
1.17 1
1.09 1
1.09 1
1.09 1
1.16 1
1.13 1
1.04 1
1.08 1
1.17 1
1.11 1
1.18 1
1.16 1
1.04 1
1.12 1
1.02 1
1.05 1
1 1
1.1 1
1.09 1
1.18 1
1.07 1
1.15 1
1.03 1
1.17 1
1.01 1
1.09 1
1.09 1
1.09 1
1.14 1
1.03 1
1.06 1
1.07 1
1.08 1
1.13 1
1.02 1
1.07 1
1.08 1
1.1 1
1.04 1
1.04 1
1.09 1
1.16 1
1.04 1
1.09 1
1.15 1
1.19 1
1 1
1.04 1
1.03 1
1.03 1
1.01 1
1.13 1
1.11 1
1.16 1
1.05 1
1.16 1
1.13 1
1.06 1
1.16 1
1.2 1
1.14 1
1.14 1
1.11 1
1 1
1.17 1
1.09 1
1.12 1
1.06 1
1.07 1
1.15 1
1.06 1
1.1 1
1.18 1
1.09 1
1.02 1
1.15 1
1.1 1
1.08 1
1.11 1
1.01 1
1.02 1
1.01 1
1.01 1
1.13 1
1.18 1
1.12 1
1.17 1
1.06 1
1.07 1
1.02 1
1.11 1
1.15 1
1.1 1
1.15 1
1.15 1
1.04 1
1.08 1
1.1 1
1.06 1
1.17 1
1.09 1
1.03 1
1.15 1
1.19 1
1 1
1.13 1
1.15 1
1.2 1
1.18 1
1.15 1
1.06 1
1.02 1
1.2 1
1.02 1
1.05 1
1.04 1
1.08 1
1.08 1
1.14 1
1.15 1
1.06 1
1.02 1
1.06 1
1.07 1
1.09 1
1.16 1
1.13 1
1.18 1
1.01 1
1.14 1
1.03 1
1.15 1
1.04 1
1.01 1
1 1
1.1 1
1.02 1
1.01 1
1.08 1
1.16 1
1.08 1
1.15 1
1.1 1
1.06 1
1.18 1
1 1
1.2 1
1.15 1
1.15 1
1.09 1
1.02 1
1.02 1
1.1 1
1.07 1
1.15 1
1.16 1
1.13 1
1.06 1
1.1 1
1.05 1
1.01 1
1.02 1
1.17 1
1.08 1
1.04 1
1 1
1.08 1
1.14 1
1.04 1
1.11 1
1.14 1
1.06 1
1.2 1
1.04 1
1.1 1
1.18 1
1.1 1
1.07 1
1.08 1
1.14 1
1.06 1
1.04 1
1.09 1
1.01 1
1.02 1
1.18 1
1.11 1
1 1
1.14 1
1.17 1
1.03 1
1.04 1
1 1
1.16 1
1.12 1
1.09 1
1.14 1
1.08 1
1.14 1
1.05 1
1.11 1
1.01 1
1.19 1
1.07 1
1.19 1
1.12 1
1.05 1
1.1 1
1.1 1
1.17 1
1.05 1
1.2 1
1.2 1
1.15 1
1.13 1
1.14 1
1.2 1
1.06 1
1.05 1
1.12 1
1.03 1
1.04 1
1.08 1
1.01 1
1.2 1
1.05 1
1.02 1
1.11 1
1 1
1.1 1
1.11 1
1 1
1.09 1
1.12 1
1.17 1
1.18 1
1.05 1
1.02 1
1.01 1
1.02 1
1.17 1
1 1
1.07 1
1.1 1
1 1
1.04 1
1.17 1
1.05 1
1.07 1
1.15 1
1.09 1
1.01 1
1.1 1
1.14 1
1.2 1
1.2 1
1.06 1
1.09 1
1.07 1
1.2 1
1.18 1
1.07 1
1.1 1
1.16 1
1.02 1
1.07 1
1.06 1
1.14 1
1 1
1.07 1
1.2 1
1.09 1
1.15 1
1.03 1
1.03 1
1.14 1
1.16 1
1.13 1
1.17 1
1.1 1
1.15 1
1.13 1
1.01 1
1.13 1
1.17 1
1.08 1
1.19 1
1.19 1
1.02 1
1.1 1
1.09 1
1.01 1
1.15 1
1.08 1
1.17 1
1.09 1
1.11 1
1.18 1
1.18 1
1.02 1
1.15 1
1.19 1
1 1
1.04 1
1.15 1
1.01 1
1.02 1
1.06 1
1.12 1
1.16 1
1.14 1
1 1
1.06 1
1.13 1
1.16 1
1.08 1
1.12 1
1.19 1
1.11 1
1.04 1
1.03 1
1.04 1
1.05 1
1.19 1
1.13 1
1.1 1
1.15 1
1.08 1
1.1 1
1.17 1
1.1 1
1.09 1
1.07 1
1.08 1
1.02 1
1.13 1
1.03 1
1.09 1
1.04 1
1.14 1
1.07 1
1 1
1.02 1
1.07 1
1 1
1.09 1
1.08 1
1.13 1
1.01 1
1.07 1
1.06 1
1.08 1
1.17 1
1.01 1
1.19 1
1.05 1
1.03 1
1.06 1
1.06 1
1.16 1
1.13 1
1.05 1
1.2 1
1.13 1
1.17 1
1.08 1
1.06 1
1.13 1
1.04 1
1.01 1
1 1
1.12 1
1.05 1
1.07 1
1.18 1
1.19 1
1.03 1
1.04 1
1.03 1
1.09 1
1.18 1
1.05 1
1.09 1
1.1 1
1.12 1
1.01 1
1.01 1
1.07 1
1.14 1
1.19 1
1.05 1
1.16 1
1.17 1
1.2 1
1.04 1
1.01 1
1 1
1.02 1
1.03 1
1.15 1
1.07 1
1.06 1
1.02 1
1.19 1
1.04 1
1.16 1
1 1
1.11 1
1.06 1
1.06 1
1.06 1
1.19 1
1.16 1
1.13 1
1.03 1
1.15 1
1 1
1.18 1
1.12 1
1.15 1
1.17 1
1.07 1
1.12 1
1.16 1
1.1 1
1.13 1
1.07 1
1.16 1
1.09 1
1.1 1
1.05 1
1.02 1
1.18 1
1.11 1
1.17 1
1.06 1
1.1 1
1.12 1
1.15 1
1.11 1
1 1
1.01 1
1.07 1
1.1 1
1.08 1
1.13 1
1 1
1.08 1
1 1
1 1
1.02 1
1.19 1
1.15 1
1.15 1
1.09 1
1.1 1
1.07 1
1.15 1
1.17 1
1.09 1
1.19 1
1.11 1
1.06 1
1.02 1
1.13 1
1.09 1
1.17 1
1.1 1
1.02 1
1.17 1
1.11 1
1.11 1
1.13 1
1.16 1
1.07 1
1.12 1
1.18 1
1.1 1
1.16 1
1.17 1
1.07 1
1.13 1
1.01 1
1.06 1
1.09 1
1.17 1
1.02 1
1.2 1
1.09 1
1.2 1
1.12 1
1.2 1
1.07 1
1.12 1
1.16 1
1.01 1
1.1 1
1.01 1
1.07 1
1.19 1
1.02 1
1.05 1
1.11 1
1.16 1
1.19 1
1.2 1
1.14 1
1.12 1
1.12 1
1.04 1
1.1 1
1.14 1
1.07 1
1.04 1
1.12 1
1.14 1
1.02 1
1.16 1
1.12 1
1.03 1
1.02 1
1.06 1
1.2 1
1.02 1
1.08 1
1.02 1
1.05 1
1.08 1
1.01 1
1.03 1
1.09 1
1.03 1
1.08 1
1.05 1
1.12 1
1.06 1
1.03 1
1.13 1
1.07 1
1.18 1
1.04 1
1.08 1
1.05 1
1.13 1
1.11 1
1.2 1
1.17 1
1.06 1
1.03 1
1.08 1
1.13 1
1.03 1
1.15 1
1.17 1
1.04 1
1.05 1
1.12 1
1.2 1
1.18 1
1.06 1
1.1 1
1.12 1
1.12 1
1.17 1
1.15 1
1.13 1
1 1
1.01 1
1.19 1
1.09 1
1.14 1
1.02 1
1.15 1
1.04 1
1.08 1
1.07 1
1.16 1
1.11 1
1.17 1
1.12 1
1.04 1
1.16 1
1.03 1
1.17 1
1.06 1
1.19 1
1.2 1
1.15 1
1.11 1
1.15 1
1.02 1
1.03 1
1.07 1
1.04 1
1.14 1
1.1 1
1.2 1
1.02 1
1 1
1.17 1
1.06 1
1.12 1
1 1
1.1 1
1.06 1
1.08 1
1.08 1
1.12 1
1.06 1
1.11 1
1.14 1
1.03 1
1.1 1
1.19 1
1.18 1
1.06 1
1.03 1
1.09 1
1.2 1
1.01 1
1.15 1
1.03 1
1.19 1
1.12 1
1.04 1
1.02 1
1.15 1
1.02 1
1.14 1
1.05 1
1.13 1
1.14 1
1.06 1
1.06 1
1.2 1
1.19 1
1.08 1
1.06 1
1.07 1
1.01 1
1.16 1
1.13 1
1.16 1
1.17 1
1.08 1
1.11 1
1.11 1
1.12 1
1.18 1
1.02 1
1 1
1.08 1
1.11 1
1.04 1
1 1
1.02 1
1.18 1
1.02 1
1.03 1
1.19 1
1.11 1
1.1 1
1.1 1
1.13 1
1.09 1
1.07 1
1.05 1
1.15 1
1.02 1
1.12 1
1.13 1
1.11 1
1.04 1
1.03 1
1.01 1
1.08 1
1.05 1
1.03 1
1.13 1
1.16 1
1.14 1
1.16 1
1.04 1
1.12 1
1.05 1
1.11 1
1.11 1
1.16 1
1.1 1
1.08 1
1.1 1
1 1
1.06 1
1.18 1
1.2 1
1.2 1
1.13 1
1.19 1
1.09 1
1.04 1
1.03 1
1.01 1
1.08 1
1.07 1
1.03 1
1.11 1
1.05 1
1.07 1
1.18 1
1.16 1
1.12 1
1.09 1
1.11 1
1.04 1
1.14 1
1.07 1
1.16 1
1.2 1
1 1
1.19 1
1.19 1
1.03 1
1 1
1.13 1
1.2 1
1.04 1
1.15 1
1.2 1
1.02 1
1.12 1
1.18 1
1.14 1
1.03 1
1.16 1
1.03 0
1.05 0
1.17 0
1.19 0
1.08 0
1.01 0
1.05 0
1.09 0
1.13 0
1.13 0
1.02 0
1.04 0
1.12 0
1.01 0
1.12 0
1.02 0
1.04 0
1.15 0
1.13 0
1.07 0
1.17 0
1.04 0
1.12 0
1.12 0
1 0
1.04 0
1.19 0
1.05 0
1.19 0
1.15 0
1.16 0
1.19 0
1.01 0
1.13 0
1.1 0
1.19 0
1.1 0
1.19 0
1.16 0
1.17 0
1.06 0
1.01 0
1.03 0
1.05 0
1.2 0
1.1 0
1.06 0
1.16 0
1.15 0
1.11 0
1.12 0
1.06 0
1 0
1.1 0
1.07 0
1.09 0
1.01 0
1.19 0
1.2 0
1.13 0
1.04 0
1.04 0
1 0
1.14 0
1.08 0
1.06 0
1.01 0
1.16 0
1.03 0
1.17 0
1.06 0
1.05 0
1.11 0
1.09 0
1.02 0
1.09 0
1.2 0
1.14 0
1.01 0
1.2 0
1.15 0
1.13 0
1.01 0
1.19 0
1.07 0
1.15 0
1.02 0
1.11 0
1.12 0
1.17 0
1.03 0
1.12 0
1.01 0
1.2 0
1.12 0
1.01 0
1.16 0
1.1 0
1.17 0
1.07 0
1.05 0
1.17 0
1.18 0
1.16 0
1.07 0
1.16 0
1 0
1.01 0
1.05 0
1.18 0
1.16 0
1.09 0
1.15 0
1.07 0
1.01 0
1.2 0
1.16 0
1.11 0
1.09 0
1.11 0
1 0
1.18 0
1.12 0
1.11 0
1.19 0
1.16 0
1.08 0
1.03 0
1.18 0
1.02 0
1.13 0
1.05 0
1.07 0
1.19 0
1.06 0
1.19 0
1.15 0
1.13 0
1.04 0
1.04 0
1.13 0
1 0
1.03 0
1.1 0
1.06 0
1.05 0
1.07 0
1.12 0
1.11 0
1.11 0
1.18 0
1.04 0
1.17 0
1.19 0
1.11 0
1 0
1.17 0
1.14 0
1.17 0
1.06 0
1.04 0
1.13 0
1.07 0
1.05 0
1.08 0
1.05 0
1.16 0
1.14 0
1.11 0
1.06 0
1.14 0
1.13 0
1.08 0
1.18 0
1.07 0
1.07 0
1.13 0
1.2 0
1.01 0
1.2 0
1 0
1.18 0
1.09 0
1.11 0
1 0
1.19 0
1.1 0
1.06 0
1.09 0
1.19 0
1.03 0
1.01 0
1.17 0
1.02 0
1.04 0
1 0
1.15 0
1.06 0
1.09 0
1.13 0
1.19 0
1.18 0
1.1 0
1.01 0
1.17 0
1.05 0
1.18 0
1.13 0
1.12 0
1.16 0
1.07 0
1 0
1.03 0
1.02 0
1.06 0
1.17 0
1.2 0
1.1 0
1.08 0
1.19 0
1 0
1.02 0
1.11 0
1.01 0
1.09 0
1.1 0
1.07 0
1.16 0
1.17 0
1.11 0
1.19 0
1.19 0
1.16 0
1.14 0
1.2 0
1.04 0
1.05 0
1.2 0
1.14 0
1.08 0
1.05 0
1.05 0
1.1 0
1.01 0
1.12 0
1.12 0
1.14 0
1.01 0
1.18 0
1.12 0
1.07 0
1.06 0
1.09 0
1.02 0
1.13 0
1.12 0
1.02 0
1.2 0
1.07 0
1.08 0
1.05 0
1.04 0
1.05 0
1.15 0
1.18 0
1.03 0
1.16 0
1.18 0
1.2 0
1.1 0
1.1 0
1.1 0
1.04 0
1.14 0
1.12 0
1.1 0
1.17 0
1.1 0
1.03 0
1.08 0
1.18 0
1.19 0
1.16 0
1.15 0
1.19 0
1.2 0
1.17 0
1.02 0
1.07 0
1.18 0
1.15 0
1.04 0
1.07 0
1.15 0
1.07 0
1.04 0
1 0
1.05 0
1.09 0
1.05 0
1.12 0
1.08 0
1.02 0
1.08 0
1.08 0
1.14 0
1.09 0
1.17 0
1.15 0
1.1 0
1.17 0
1.1 0
1.08 0
1.15 0
1.08 0
1.1 0
1.14 0
1.18 0
1.19 0
1.03 0
1.1 0
1.03 0
1.04 0
1.14 0
1.05 0
1.19 0
1.13 0
1.2 0
1.04 0
1.01 0
1.12 0
1.12 0
1.09 0
1.14 0
1.15 0
1.05 0
1.03 0
1 0
1.06 0
1.18 0
1.07 0
1.03 0
1.03 0
1.09 0
1.03 0
1.14 0
1.04 0
1.02 0
1.1 0
1.05 0
1.14 0
1.05 0
1.09 0
1.05 0
1.03 0
1.02 0
1.2 0
1.03 0
1.17 0
1.12 0
1.07 0
1.19 0
1.1 0
1.11 0
1.15 0
1.01 0
1.15 0
1.11 0
1.2 0
1 0
1.11 0
1.2 0
1.1 0
1.17 0
1.05 0
1.07 0
1.03 0
1.03 0
1.06 0
1.16 0
1.03 0
1 0
1.05 0
1.16 0
1.01 0
1.13 0
1.15 0
1.11 0
1.2 0
1.06 0
1.17 0
1.08 0
1.06 0
1.2 0
1.09 0
1 0
1.04 0
1.03 0
1.16 0
1.08 0
1.03 0
1.16 0
1.14 0
1.2 0
1.18 0
1.13 0
1.1 0
1.06 0
1.01 0
1.19 0
1.09 0
1.14 0
1.11 0
1.19 0
1.08 0
1.05 0
1.17 0
1.04 0
1.02 0
1.1 0
1.13 0
1.11 0
1.2 0
1.05 0
1.12 0
1.12 0
1.16 0
1.12 0
1.19 0
1.1 0
1.06 0
1.02 0
1.12 0
1.06 0
1.2 0
1.17 0
1.11 0
1.13 0
1.01 0
1.16 0
1.17 0
1.02 0
1.09 0
1.2 0
1.06 0
1.04 0
1.2 0
1.08 0
1.09 0
1.04 0
1.18 0
1.2 0
1.14 0
1.04 0
1 0
1.18 0
1.2 0
1.03 0
1.11 0
1.02 0
1.09 0
1.1 0
1.13 0
1.18 0
1.04 0
1.04 0
1.09 0
1.12 0
1.17 0
1.04 0
1.09 0
1.03 0
1.12 0
1 0
1.02 0
1.14 0
1.12 0
1.01 0
1.05 0
1.08 0
1.2 0
1.1 0
1.14 0
1.18 0
1.08 0
1.18 0
1.19 0
1.11 0
1.18 0
1.03 0
1.09 0
1.19 0
1.12 0
1.12 0
1.09 0
1.12 0
1.18 0
1 0
1.17 0
1.06 0
1.06 0
1.09 0
1.06 0
1.05 0
1.18 0
1.09 0
1.09 0
1.2 0
1.04 0
1.12 0
1.01 0
1.05 0
1.17 0
1.17 0
1.2 0
1.1 0
1.19 0
1.01 0
1.17 0
1.04 0
1.07 0
1.18 0
1.19 0
1.02 0
1 0
1.04 0
1.05 0
1.05 0
1.02 0
1.11 0
1.11 0
1 0
1.15 0
1.16 0
1.12 0
1.09 0
1.1 0
1.06 0
1.15 0
1.2 0
1.01 0
1.12 0
1.01 0
1.19 0
1.01 0
1.13 0
1.16 0
1.11 0
1.02 0
1.16 0
1.19 0
1.2 0
1.18 0
1.11 0
1.2 0
1.03 0
1.14 0
1.09 0
1.15 0
1.11 0
1.08 0
1.18 0
1.13 0
1.18 0
1.05 0
1 0
1.11 0
1.13 0
1 0
1.01 0
1.12 0
1.09 0
1.07 0
1 0
1.04 0
1.14 0
1.06 0
1.2 0
1.19 0
1.2 0
1.1 0
1.19 0
1.02 0
1.1 0
1 0
1.19 0
1.08 0
1.1 0
1.15 0
1.03 0
1.08 0
1.06 0
1.11 0
1.06 0
1.12 0
1.17 0
1.14 0
1.07 0
1.08 0
1.2 0
1.12 0
1.02 0
1.09 0
1.18 0
1.19 0
1.1 0
1.06 0
1.2 0
1.15 0
1.09 0
1.02 0
1.16 0
1.09 0
1.08 0
1.18 0
1.08 0
1.05 0
1.13 0
1.15 0
1.02 0
1.09 0
1.01 0
1.13 0
1.18 0
1.18 0
1.08 0
1.05 0
1.19 0
1.02 0
1.09 0
1.11 0
1.18 0
1.07 0
1.14 0
1.1 0
1.1 0
1.05 0
1.06 0
1.09 0
1.08 0
1.15 0
1.05 0
1.15 0
1.04 0
1.13 0
1.13 0
1.06 0
1.14 0
1.19 0
1.07 0
1 0
1 0
1.17 0
1.12 0
1.08 0
1.15 0
1.09 0
1 0
1.1 0
1.01 0
1.18 0
1.03 0
1.17 0
1.09 0
1.15 0
1.16 0
1.2 0
1.1 0
1.12 0
1.07 0
1.04 0
1.18 0
1.03 0
1.14 0
1.04 0
1.2 0
1.08 0
1.19 0
1.11 0
1.16 0
1.05 0
1.01 0
1.18 0
1.07 0
1.09 0
1.13 0
1.05 0
1.06 0
1.13 0
1.12 0
1.05 0
1.04 0
1.05 0
1.07 0
1.15 0
1.02 0
1.03 0
1.19 0
1.18 0
1 0
1.08 0
1.19 0
1.13 0
1.12 0
1.06 0
1.05 0
1.2 0
1.16 0
1.13 0
1.15 0
1.2 0
1.17 0
1.02 0
1.04 0
1.18 0
1.15 0
1.1 0
1.02 0
1.1 0
1.15 0
1.19 0
1.11 0
1.03 0
1.14 0
1.11 0
1.04 0
1.2 0
1.11 0
1.13 0
1.17 0
1.09 0
1.1 0
1.02 0
1.05 0
1.08 0
1.06 0
1.15 0
1.14 0
1.06 0
1.12 0
1.17 0
1.01 0
1.16 0
1.2 0
1.16 0
1.17 0
1.19 0
1.04 0
1.12 0
1.12 0
1.02 0
1.04 0
1.07 0
1.11 0
1.02 0
1.12 0
1.17 0
1.01 0
1.11 0
1.16 0
1.11 0
1.03 0
1.01 0
1.18 0
1.06 0
1.13 0
1.15 0
1.18 0
1.18 0
1.11 0
1.03 0
1.17 0
1.15 0
1.04 0
1.01 0
1.05 0
1.2 0
1.17 0
1.04 0
1.17 0
1.2 0
1 0
1.01 0
1.13 0
1.15 0
1.11 0
1.06 0
1.09 0
1.2 0
1.17 0
1.05 0
1.15 0
1.18 0
1.07 0
1.12 0
1.18 0
1.06 0
1.14 0
1.08 0
1.01 0
1.01 0
1.11 0
1.16 0
1.19 0
1 0
1.13 0
1.16 0
1.03 0
1.08 0
1.07 0
1.14 0
1.15 0
1.18 0
1 0
1.16 0
1 0
1.11 0
1.11 0
1.07 0
1.03 0
1.16 0
1.01 0
1.03 0
1.14 0
1.05 0
1.17 0
1.07 0
1.03 0
1.1 0
1.11 0
1.1 0
1.13 0
1.03 0
1.13 0
1.01 0
1.05 0
1.03 0
1.2 0
1.03 0
1.07 0
1.15 0
1.1 0
1.07 0
1.13 0
1.19 0
1.1 0
1.01 0
1.05 0
1.05 0
1.02 0
1.19 0
1.16 0
1.2 0
1.04 0
1.1 0
1.09 0
1.16 0
1.05 0
1.09 0
1.17 0
1.02 0
1.16 0
1.09 0
1.19 0
1.19 0
1.2 0
1.07 0
1.14 0
1.06 0
1 0
1.18 0
1.06 0
1.01 0
1.16 0
1.06 0
1.16 0
1.19 0
1.2 0
1.17 0
1.1 0
1.2 0
1 0
1.01 0
1 0
1.12 0
1.11 0
1.07 0
1.06 0
1.16 0
1.04 0
1.05 0
1.08 0
1.13 0
1.07 0
1.12 0
1.2 0
1.17 0
1.13 0
1.07 0
1.15 0
1.18 0
1.15 0
1.01 0
1.19 0
1.14 0
1.02 0
1.01 0
1.19 0
1.15 0
1.2 0
1.19 0
1.03 0
1.11 0
1.07 0
1.11 0
1.08 0
1.18 0
1.17 0
1.09 0
1 0
1.08 0
1.2 0
1.14 0
1.05 0
1.06 0
1.12 0
1.02 0
1.17 0
1.11 0
1.07 0
1.2 0
1.11 0
1.01 0
1.05 0
1.08 0
1.09 0
1.14 0
1.09 0
1.08 0
1 0
1.16 0
1.01 0
1.17 0
1.07 0
1.18 0
1.04 0
1.17 0
1.14 0
1.16 0
1.17 0
1.09 0
1.02 0
1.01 0
1.17 0
1.05 0
1 0
1.08 0
1.03 0
1.02 0
1.05 0
1.12 0
1 0
1.02 0
1.34 1
1.21 1
1.4 1
1.21 1
1.39 1
1.4 1
1.21 1
1.23 1
1.26 1
1.32 1
1.33 1
1.22 1
1.35 1
1.3 1
1.39 1
1.34 1
1.3 1
1.3 1
1.32 1
1.38 1
1.3 1
1.29 1
1.36 1
1.33 1
1.23 1
1.39 1
1.31 1
1.27 1
1.29 1
1.28 1
1.36 1
1.39 1
1.28 1
1.21 1
1.24 1
1.21 1
1.29 1
1.31 1
1.4 1
1.36 1
1.22 1
1.22 1
1.23 1
1.32 1
1.32 1
1.29 1
1.27 1
1.3 1
1.22 1
1.21 1
1.27 1
1.29 1
1.28 1
1.27 1
1.35 1
1.35 1
1.39 1
1.22 1
1.25 1
1.23 1
1.24 1
1.33 1
1.4 1
1.24 1
1.29 1
1.31 1
1.3 1
1.32 1
1.4 1
1.31 1
1.36 1
1.39 1
1.22 1
1.24 1
1.31 1
1.4 1
1.24 1
1.24 1
1.34 1
1.21 1
1.31 1
1.21 1
1.33 1
1.35 1
1.4 1
1.32 1
1.21 1
1.22 1
1.22 1
1.24 1
1.26 1
1.4 1
1.31 1
1.24 1
1.37 1
1.23 1
1.28 1
1.29 1
1.29 1
1.38 1
1.32 1
1.31 1
1.27 1
1.22 1
1.31 1
1.32 1
1.4 1
1.36 1
1.35 1
1.21 1
1.34 1
1.22 1
1.29 1
1.28 1
1.22 1
1.32 1
1.33 1
1.34 1
1.25 1
1.33 1
1.31 1
1.39 1
1.36 1
1.35 1
1.28 1
1.26 1
1.27 1
1.21 1
1.37 1
1.23 1
1.38 1
1.21 1
1.22 1
1.25 1
1.23 1
1.34 1
1.34 1
1.26 1
1.36 1
1.31 1
1.29 1
1.32 1
1.31 1
1.35 1
1.36 1
1.4 1
1.21 1
1.39 1
1.39 1
1.34 1
1.34 1
1.24 1
1.4 1
1.32 1
1.26 1
1.4 1
1.32 1
1.25 1
1.4 1
1.36 1
1.21 1
1.24 1
1.25 1
1.32 1
1.21 1
1.22 1
1.35 1
1.23 1
1.4 1
1.39 1
1.32 1
1.25 1
1.39 1
1.31 1
1.36 1
1.27 1
1.4 1
1.33 1
1.34 1
1.36 1
1.29 1
1.38 1
1.34 1
1.4 1
1.21 1
1.3 1
1.38 1
1.29 1
1.36 1
1.37 1
1.22 1
1.38 1
1.38 1
1.36 1
1.31 1
1.33 1
1.23 1
1.36 1
1.38 1
1.35 1
1.4 1
1.24 1
1.22 1
1.24 1
1.3 1
1.34 1
1.29 1
1.33 1
1.34 1
1.4 1
1.32 1
1.27 1
1.32 1
1.37 1
1.22 1
1.36 1
1.29 1
1.36 1
1.38 1
1.21 1
1.4 1
1.34 1
1.39 1
1.31 1
1.3 1
1.4 1
1.22 1
1.25 1
1.3 1
1.23 1
1.35 1
1.35 1
1.23 1
1.37 1
1.36 1
1.37 1
1.31 1
1.4 1
1.24 1
1.3 1
1.35 1
1.34 1
1.23 1
1.22 1
1.29 1
1.39 1
1.33 1
1.34 1
1.35 1
1.38 1
1.23 1
1.25 1
1.28 1
1.4 1
1.38 1
1.39 1
1.36 1
1.32 1
1.3 1
1.23 1
1.24 1
1.39 1
1.36 1
1.31 1
1.21 1
1.29 1
1.4 1
1.4 1
1.35 1
1.3 1
1.26 1
1.27 1
1.32 1
1.31 1
1.23 1
1.35 1
1.29 1
1.24 1
1.33 1
1.27 1
1.23 1
1.22 1
1.31 1
1.32 1
1.24 1
1.32 1
1.34 1
1.38 1
1.25 1
1.33 1
1.34 1
1.37 1
1.3 1
1.36 1
1.35 1
1.29 1
1.23 1
1.29 1
1.25 1
1.34 1
1.31 1
1.29 1
1.24 1
1.23 1
1.31 1
1.35 1
1.21 1
1.27 1
1.25 1
1.28 1
1.33 1
1.31 1
1.21 1
1.33 1
1.23 1
1.36 1
1.25 1
1.27 1
1.31 1
1.36 1
1.31 1
1.28 1
1.26 1
1.33 1
1.38 1
1.39 1
1.4 1
1.22 1
1.32 1
1.21 1
1.26 1
1.32 1
1.23 1
1.23 1
1.31 1
1.36 1
1.32 1
1.28 1
1.34 1
1.31 1
1.31 1
1.37 1
1.26 1
1.22 1
1.26 1
1.31 1
1.4 1
1.33 1
1.38 1
1.27 1
1.32 1
1.37 1
1.33 1
1.26 1
1.27 1
1.3 1
1.27 1
1.22 1
1.34 1
1.37 1
1.33 1
1.27 1
1.21 1
1.3 1
1.37 1
1.26 1
1.4 1
1.4 1
1.31 1
1.23 1
1.35 1
1.3 1
1.39 1
1.28 1
1.38 1
1.28 1
1.22 1
1.31 1
1.25 1
1.33 1
1.28 1
1.24 1
1.39 1
1.3 1
1.35 1
1.37 1
1.29 1
1.31 1
1.4 1
1.38 1
1.28 1
1.39 1
1.26 1
1.37 1
1.38 1
1.31 1
1.27 1
1.29 1
1.26 1
1.4 1
1.24 1
1.39 1
1.26 1
1.31 1
1.21 1
1.24 1
1.28 1
1.36 1
1.27 1
1.35 1
1.3 1
1.27 1
1.25 1
1.36 1
1.29 1
1.26 1
1.34 1
1.32 1
1.23 1
1.38 1
1.33 1
1.21 1
1.34 1
1.31 1
1.27 1
1.26 1
1.34 1
1.27 1
1.36 1
1.28 1
1.4 1
1.33 1
1.34 1
1.25 1
1.39 1
1.38 1
1.3 1
1.38 1
1.32 1
1.26 1
1.22 1
1.37 1
1.33 1
1.24 1
1.24 1
1.37 1
1.35 1
1.39 1
1.24 1
1.35 1
1.24 1
1.32 1
1.39 1
1.36 1
1.34 1
1.35 1
1.35 1
1.37 1
1.22 1
1.27 1
1.34 1
1.22 1
1.33 1
1.32 1
1.27 1
1.39 1
1.39 1
1.39 1
1.4 1
1.31 1
1.29 1
1.32 1
1.21 1
1.36 1
1.26 1
1.38 1
1.22 1
1.38 1
1.28 1
1.29 1
1.22 1
1.36 1
1.32 1
1.21 1
1.26 1
1.32 1
1.23 1
1.23 1
1.39 1
1.31 1
1.34 1
1.3 1
1.37 1
1.3 1
1.34 1
1.38 1
1.32 1
1.21 1
1.31 1
1.25 1
1.37 1
1.4 1
1.3 1
1.37 1
1.4 1
1.22 1
1.21 1
1.26 1
1.34 1
1.38 1
1.3 1
1.4 1
1.32 1
1.28 1
1.24 1
1.37 1
1.26 1
1.35 1
1.38 1
1.25 1
1.37 1
1.35 1
1.34 1
1.24 1
1.23 1
1.26 1
1.34 1
1.37 1
1.4 1
1.21 1
1.29 1
1.38 1
1.22 1
1.39 1
1.36 1
1.31 1
1.36 1
1.36 1
1.21 1
1.29 1
1.38 1
1.29 1
1.26 1
1.31 1
1.37 1
1.3 1
1.39 1
1.26 1
1.4 1
1.24 1
1.37 1
1.36 1
1.23 1
1.24 1
1.25 1
1.23 1
1.36 1
1.37 1
1.27 1
1.23 1
1.29 1
1.39 1
1.27 1
1.4 1
1.4 1
1.37 1
1.26 1
1.37 1
1.32 1
1.39 1
1.22 1
1.4 1
1.21 1
1.37 1
1.32 1
1.35 1
1.33 1
1.23 1
1.32 1
1.31 1
1.31 1
1.38 1
1.34 1
1.27 1
1.27 1
1.35 1
1.21 1
1.28 1
1.3 1
1.21 1
1.29 1
1.26 1
1.29 1
1.34 1
1.34 1
1.22 1
1.33 1
1.3 1
1.33 1
1.22 1
1.21 1
1.4 1
1.28 1
1.39 1
1.24 1
1.25 1
1.31 1
1.37 1
1.23 1
1.32 1
1.27 1
1.3 1
1.39 1
1.29 1
1.37 1
1.31 1
1.28 1
1.37 1
1.35 1
1.34 1
1.28 1
1.25 1
1.21 1
1.21 1
1.37 1
1.23 1
1.28 1
1.34 1
1.28 1
1.3 1
1.36 1
1.24 1
1.37 1
1.3 1
1.21 1
1.38 1
1.36 1
1.28 1
1.36 1
1.36 1
1.21 1
1.32 1
1.26 1
1.26 1
1.32 1
1.26 1
1.28 1
1.31 1
1.29 1
1.3 1
1.36 1
1.29 1
1.25 1
1.26 1
1.38 1
1.25 1
1.39 1
1.35 1
1.28 1
1.3 1
1.38 1
1.21 1
1.33 1
1.22 1
1.3 1
1.34 1
1.26 1
1.36 1
1.29 1
1.27 1
1.22 1
1.24 1
1.29 1
1.37 1
1.33 1
1.23 1
1.32 1
1.25 1
1.31 1
1.26 1
1.36 1
1.23 1
1.21 1
1.35 1
1.36 1
1.3 1
1.28 1
1.23 1
1.32 1
1.26 1
1.29 1
1.32 1
1.28 1
1.3 1
1.23 1
1.34 1
1.36 1
1.38 1
1.26 1
1.31 1
1.26 1
1.25 1
1.26 1
1.36 1
1.26 1
1.29 1
1.3 1
1.23 1
1.38 1
1.36 1
1.33 1
1.36 1
1.25 1
1.34 1
1.38 1
1.36 1
1.27 1
1.3 1
1.23 1
1.29 1
1.36 1
1.29 1
1.39 1
1.3 1
1.31 1
1.3 1
1.25 1
1.4 1
1.22 1
1.36 1
1.36 1
1.35 1
1.32 1
1.3 1
1.29 1
1.32 1
1.3 1
1.27 1
1.34 1
1.37 1
1.3 1
1.35 1
1.36 1
1.35 1
1.21 1
1.39 1
1.26 1
1.21 1
1.39 1
1.32 1
1.35 1
1.36 1
1.35 1
1.39 1
1.26 1
1.4 1
1.21 1
1.22 1
1.33 1
1.35 1
1.36 1
1.36 1
1.27 1
1.4 1
1.23 1
1.33 1
1.27 1
1.35 1
1.34 1
1.24 1
1.34 1
1.27 1
1.21 1
1.25 1
1.36 1
1.28 1
1.26 1
1.29 1
1.24 1
1.24 1
1.28 1
1.29 1
1.36 1
1.26 1
1.24 1
1.21 1
1.3 1
1.25 1
1.29 1
1.4 1
1.21 1
1.24 1
1.36 1
1.38 1
1.37 1
1.24 1
1.4 1
1.35 1
1.38 1
1.39 1
1.22 1
1.38 1
1.28 1
1.23 1
1.27 1
1.33 1
1.23 1
1.25 1
1.31 1
1.26 1
1.22 1
1.36 1
1.29 1
1.24 1
1.26 1
1.29 1
1.3 1
1.34 1
1.27 1
1.34 1
1.31 1
1.22 1
1.34 1
1.37 1
1.32 1
1.28 1
1.23 1
1.34 1
1.22 1
1.21 1
1.39 1
1.22 1
1.36 1
1.3 1
1.36 1
1.25 1
1.26 1
1.4 1
1.24 1
1.39 1
1.25 1
1.33 1
1.33 1
1.31 1
1.39 1
1.3 1
1.26 1
1.3 1
1.29 1
1.29 1
1.3 1
1.34 1
1.24 1
1.38 1
1.33 1
1.21 1
1.23 1
1.32 1
1.39 1
1.26 1
1.35 1
1.3 1
1.34 1
1.28 1
1.27 1
1.37 1
1.4 1
1.27 1
1.3 1
1.31 1
1.25 1
1.31 1
1.32 1
1.26 1
1.21 1
1.36 1
1.38 1
1.38 1
1.31 1
1.27 1
1.39 1
1.21 1
1.4 1
1.37 1
1.27 1
1.26 1
1.26 1
1.4 1
1.36 1
1.23 1
1.28 1
1.4 1
1.25 1
1.3 1
1.39 1
1.25 1
1.26 1
1.39 1
1.28 1
1.24 1
1.3 1
1.26 1
1.3 1
1.34 1
1.22 1
1.33 1
1.27 1
1.31 1
1.4 1
1.29 1
1.34 1
1.37 1
1.26 1
1.38 1
1.39 1
1.26 1
1.32 1
1.37 1
1.4 1
1.31 1
1.36 1
1.39 1
1.38 1
1.33 1
1.38 1
1.31 1
1.23 1
1.4 1
1.4 1
1.3 1
1.36 1
1.37 1
1.34 1
1.25 1
1.36 1
1.24 1
1.37 1
1.34 1
1.39 1
1.33 1
1.29 1
1.39 1
1.29 1
1.3 1
1.35 1
1.24 1
1.38 1
1.33 1
1.22 1
1.4 1
1.34 1
1.29 1
1.34 1
1.36 1
1.36 1
1.37 1
1.34 1
1.34 1
1.26 1
1.35 1
1.25 1
1.34 1
1.24 1
1.36 1
1.29 1
1.34 1
1.27 1
1.27 1
1.23 1
1.34 1
1.33 1
1.25 1
1.23 1
1.36 1
1.28 1
1.38 1
1.23 1
1.33 1
1.28 1
1.21 1
1.38 1
1.33 1
1.34 1
1.4 1
1.26 1
1.4 1
1.25 1
1.34 1
1.23 1
1.28 1
1.22 1
1.24 1
1.31 1
1.38 1
1.3 0
1.32 0
1.26 0
1.29 0
1.34 0
1.21 0
1.36 0
1.23 0
1.39 0
1.3 0
1.29 0
1.38 0
1.28 0
1.32 0
1.28 0
1.39 0
1.34 0
1.27 0
1.26 0
1.28 0
1.38 0
1.32 0
1.31 0
1.4 0
1.3 0
1.32 0
1.38 0
1.4 0
1.31 0
1.27 0
1.29 0
1.39 0
1.25 0
1.36 0
1.31 0
1.25 0
1.4 0
1.25 0
1.32 0
1.38 0
1.26 0
1.28 0
1.35 0
1.24 0
1.31 0
1.27 0
1.26 0
1.35 0
1.3 0
1.3 0
1.29 0
1.32 0
1.26 0
1.29 0
1.25 0
1.25 0
1.25 0
1.36 0
1.37 0
1.25 0
1.34 0
1.31 0
1.3 0
1.37 0
1.4 0
1.33 0
1.3 0
1.35 0
1.26 0
1.37 0
1.37 0
1.39 0
1.31 0
1.29 0
1.25 0
1.23 0
1.39 0
1.39 0
1.25 0
1.33 0
1.25 0
1.34 0
1.27 0
1.23 0
1.28 0
1.29 0
1.33 0
1.31 0
1.32 0
1.36 0
1.21 0
1.27 0
1.27 0
1.27 0
1.22 0
1.21 0
1.33 0
1.21 0
1.24 0
1.26 0
1.36 0
1.3 0
1.36 0
1.32 0
1.39 0
1.23 0
1.35 0
1.38 0
1.33 0
1.38 0
1.25 0
1.21 0
1.26 0
1.22 0
1.31 0
1.26 0
1.38 0
1.37 0
1.27 0
1.3 0
1.33 0
1.4 0
1.3 0
1.27 0
1.37 0
1.29 0
1.36 0
1.38 0
1.35 0
1.39 0
1.34 0
1.29 0
1.23 0
1.24 0
1.32 0
1.3 0
1.31 0
1.4 0
1.3 0
1.26 0
1.33 0
1.32 0
1.31 0
1.36 0
1.31 0
1.22 0
1.31 0
1.37 0
1.28 0
1.36 0
1.21 0
1.31 0
1.25 0
1.35 0
1.21 0
1.36 0
1.37 0
1.29 0
1.29 0
1.34 0
1.21 0
1.23 0
1.24 0
1.3 0
1.24 0
1.23 0
1.31 0
1.35 0
1.34 0
1.28 0
1.38 0
1.28 0
1.4 0
1.24 0
1.28 0
1.34 0
1.28 0
1.37 0
1.32 0
1.38 0
1.22 0
1.24 0
1.38 0
1.21 0
1.25 0
1.29 0
1.38 0
1.35 0
1.33 0
1.29 0
1.32 0
1.26 0
1.4 0
1.31 0
1.34 0
1.33 0
1.31 0
1.33 0
1.26 0
1.4 0
1.36 0
1.3 0
1.29 0
1.28 0
1.23 0
1.29 0
1.39 0
1.21 0
1.37 0
1.37 0
1.29 0
1.28 0
1.34 0
1.39 0
1.29 0
1.28 0
1.3 0
1.23 0
1.4 0
1.26 0
1.22 0
1.39 0
1.25 0
1.27 0
1.22 0
1.26 0
1.3 0
1.31 0
1.31 0
1.37 0
1.36 0
1.24 0
1.32 0
1.25 0
1.38 0
1.35 0
1.4 0
1.29 0
1.3 0
1.35 0
1.4 0
1.27 0
1.27 0
1.38 0
1.22 0
1.36 0
1.34 0
1.27 0
1.33 0
1.39 0
1.31 0
1.34 0
1.32 0
1.4 0
1.23 0
1.39 0
1.35 0
1.36 0
1.4 0
1.35 0
1.3 0
1.22 0
1.25 0
1.29 0
1.4 0
1.4 0
1.35 0
1.22 0
1.29 0
1.39 0
1.4 0
1.23 0
1.22 0
1.4 0
1.31 0
1.4 0
1.38 0
1.35 0
1.22 0
1.22 0
1.36 0
1.27 0
1.27 0
1.28 0
1.27 0
1.33 0
1.33 0
1.39 0
1.37 0
1.26 0
1.22 0
1.27 0
1.29 0
1.39 0
1.4 0
1.4 0
1.25 0
1.21 0
1.38 0
1.34 0
1.26 0
1.38 0
1.33 0
1.34 0
1.26 0
1.21 0
1.23 0
1.36 0
1.31 0
1.34 0
1.3 0
1.35 0
1.4 0
1.32 0
1.28 0
1.24 0
1.27 0
1.32 0
1.24 0
1.22 0
1.28 0
1.24 0
1.36 0
1.31 0
1.36 0
1.36 0
1.36 0
1.4 0
1.27 0
1.22 0
1.39 0
1.23 0
1.32 0
1.31 0
1.23 0
1.38 0
1.37 0
1.26 0
1.39 0
1.37 0
1.26 0
1.34 0
1.29 0
1.27 0
1.21 0
1.27 0
1.22 0
1.39 0
1.29 0
1.35 0
1.22 0
1.34 0
1.23 0
1.24 0
1.38 0
1.26 0
1.21 0
1.37 0
1.32 0
1.33 0
1.24 0
1.36 0
1.26 0
1.28 0
1.34 0
1.34 0
1.24 0
1.23 0
1.25 0
1.29 0
1.21 0
1.37 0
1.37 0
1.38 0
1.4 0
1.26 0
1.25 0
1.26 0
1.33 0
1.35 0
1.35 0
1.26 0
1.26 0
1.39 0
1.31 0
1.31 0
1.32 0
1.39 0
1.29 0
1.27 0
1.39 0
1.25 0
1.36 0
1.39 0
1.29 0
1.31 0
1.36 0
1.33 0
1.36 0
1.25 0
1.25 0
1.4 0
1.38 0
1.35 0
1.22 0
1.32 0
1.3 0
1.28 0
1.32 0
1.31 0
1.26 0
1.25 0
1.28 0
1.35 0
1.22 0
1.21 0
1.31 0
1.4 0
1.33 0
1.33 0
1.3 0
1.3 0
1.27 0
1.32 0
1.21 0
1.31 0
1.36 0
1.38 0
1.23 0
1.28 0
1.32 0
1.27 0
1.34 0
1.3 0
1.36 0
1.27 0
1.37 0
1.33 0
1.24 0
1.25 0
1.37 0
1.32 0
1.23 0
1.38 0
1.38 0
1.23 0
1.24 0
1.33 0
1.27 0
1.27 0
1.29 0
1.21 0
1.29 0
1.38 0
1.22 0
1.29 0
1.37 0
1.23 0
1.31 0
1.34 0
1.29 0
1.24 0
1.34 0
1.34 0
1.29 0
1.29 0
1.35 0
1.27 0
1.4 0
1.35 0
1.36 0
1.21 0
1.24 0
1.22 0
1.29 0
1.27 0
1.21 0
1.26 0
1.31 0
1.37 0
1.25 0
1.28 0
1.24 0
1.28 0
1.28 0
1.23 0
1.39 0
1.34 0
1.34 0
1.21 0
1.32 0
1.32 0
1.25 0
1.22 0
1.31 0
1.31 0
1.23 0
1.26 0
1.24 0
1.33 0
1.37 0
1.38 0
1.35 0
1.22 0
1.34 0
1.25 0
1.38 0
1.39 0
1.28 0
1.27 0
1.34 0
1.4 0
1.31 0
1.37 0
1.29 0
1.34 0
1.4 0
1.4 0
1.32 0
1.37 0
1.29 0
1.36 0
1.28 0
1.39 0
1.33 0
1.38 0
1.35 0
1.29 0
1.3 0
1.32 0
1.36 0
1.33 0
1.26 0
1.32 0
1.38 0
1.33 0
1.29 0
1.27 0
1.36 0
1.4 0
1.3 0
1.24 0
1.23 0
1.22 0
1.31 0
1.22 0
1.39 0
1.4 0
1.28 0
1.27 0
1.32 0
1.4 0
1.25 0
1.24 0
1.37 0
1.36 0
1.4 0
1.25 0
1.34 0
1.31 0
1.26 0
1.4 0
1.38 0
1.38 0
1.39 0
1.4 0
1.33 0
1.38 0
1.24 0
1.21 0
1.24 0
1.34 0
1.26 0
1.38 0
1.38 0
1.29 0
1.36 0
1.35 0
1.37 0
1.39 0
1.3 0
1.26 0
1.32 0
1.39 0
1.21 0
1.32 0
1.32 0
1.28 0
1.29 0
1.25 0
1.37 0
1.32 0
1.33 0
1.29 0
1.36 0
1.25 0
1.26 0
1.35 0
1.28 0
1.22 0
1.35 0
1.3 0
1.39 0
1.25 0
1.3 0
1.22 0
1.38 0
1.22 0
1.36 0
1.33 0
1.37 0
1.34 0
1.34 0
1.21 0
1.25 0
1.36 0
1.28 0
1.34 0
1.31 0
1.22 0
1.22 0
1.39 0
1.4 0
1.29 0
1.24 0
1.4 0
1.24 0
1.27 0
1.32 0
1.21 0
1.22 0
1.24 0
1.39 0
1.28 0
1.39 0
1.23 0
1.26 0
1.39 0
1.26 0
1.38 0
1.25 0
1.37 0
1.38 0
1.27 0
1.24 0
1.21 0
1.27 0
1.23 0
1.28 0
1.35 0
1.38 0
1.4 0
1.4 0
1.29 0
1.33 0
1.34 0
1.35 0
1.36 0
1.32 0
1.24 0
1.22 0
1.21 0
1.29 0
1.31 0
1.36 0
1.33 0
1.25 0
1.23 0
1.31 0
1.38 0
1.36 0
1.33 0
1.22 0
1.23 0
1.28 0
1.22 0
1.21 0
1.25 0
1.27 0
1.31 0
1.31 0
1.4 0
1.25 0
1.3 0
1.36 0
1.32 0
1.23 0
1.24 0
1.36 0
1.25 0
1.34 0
1.39 0
1.21 0
1.36 0
1.36 0
1.23 0
1.39 0
1.33 0
1.26 0
1.26 0
1.4 0
1.3 0
1.29 0
1.21 0
1.34 0
1.32 0
1.37 0
1.21 0
1.24 0
1.21 0
1.3 0
1.4 0
1.34 0
1.28 0
1.31 0
1.21 0
1.37 0
1.4 0
1.3 0
1.27 0
1.37 0
1.24 0
1.28 0
1.4 0
1.36 0
1.29 0
1.23 0
1.38 0
1.28 0
1.3 0
1.23 0
1.24 0
1.37 0
1.38 0
1.34 0
1.36 0
1.26 0
1.36 0
1.37 0
1.22 0
1.39 0
1.25 0
1.25 0
1.32 0
1.26 0
1.31 0
1.29 0
1.21 0
1.34 0
1.27 0
1.28 0
1.33 0
1.38 0
1.22 0
1.31 0
1.32 0
1.24 0
1.37 0
1.34 0
1.26 0
1.3 0
1.22 0
1.28 0
1.36 0
1.24 0
1.24 0
1.25 0
1.23 0
1.3 0
1.27 0
1.29 0
1.21 0
1.37 0
1.38 0
1.4 0
1.31 0
1.28 0
1.36 0
1.37 0
1.26 0
1.38 0
1.21 0
1.35 0
1.21 0
1.39 0
1.23 0
1.39 0
1.38 0
1.28 0
1.22 0
1.34 0
1.22 0
1.28 0
1.39 0
1.24 0
1.28 0
1.27 0
1.21 0
1.36 0
1.36 0
1.27 0
1.25 0
1.35 0
1.21 0
1.31 0
1.38 0
1.22 0
1.3 0
1.25 0
1.34 0
1.21 0
1.24 0
1.25 0
1.34 0
1.33 0
1.4 0
1.32 0
1.36 0
1.27 0
1.4 0
1.36 0
1.38 0
1.32 0
1.38 0
1.33 0
1.39 0
1.3 0
1.39 0
1.3 0
1.3 0
1.28 0
1.36 0
1.25 0
1.22 0
1.32 0
1.25 0
1.36 0
1.32 0
1.27 0
1.34 0
1.37 0
1.24 0
1.28 0
1.26 0
1.28 0
1.28 0
1.27 0
1.35 0
1.35 0
1.32 0
1.21 0
1.22 0
1.33 0
1.23 0
1.24 0
1.33 0
1.37 0
1.24 0
1.36 0
1.24 0
1.24 0
1.36 0
1.31 0
1.27 0
1.27 0
1.27 0
1.33 0
1.35 0
1.27 0
1.25 0
1.22 0
1.31 0
1.24 0
1.21 0
1.33 0
1.3 0
1.39 0
1.31 0
1.36 0
1.36 0
1.35 0
1.4 0
1.34 0
1.4 0
1.23 0
1.23 0
1.28 0
1.32 0
1.28 0
1.23 0
1.4 0
1.28 0
1.38 0
1.26 0
1.38 0
1.34 0
1.33 0
1.25 0
1.36 0
1.27 0
1.22 0
1.37 0
1.35 0
1.35 0
1.39 0
1.25 0
1.35 0
1.35 0
1.29 0
1.28 0
1.25 0
1.22 0
1.35 0
1.24 0
1.24 0
1.21 0
1.25 0
1.26 0
1.21 0
1.26 0
1.38 0
1.24 0
1.32 0
1.29 0
1.35 0
1.26 0
1.31 0
1.23 0
1.37 0
1.25 0
1.23 0
1.35 0
1.25 0
1.37 0
1.25 0
1.39 0
1.39 0
1.23 0
1.25 0
1.21 0
1.21 0
1.23 0
1.34 0
1.3 0
1.38 0
1.23 0
1.25 0
1.3 0
1.31 0
1.36 0
1.36 0
1.34 0
1.29 0
1.36 0
1.24 0
1.37 0
1.28 0
1.35 0
1.33 0
1.3 0
1.35 0
1.26 0
1.3 0
1.32 0
1.22 0
1.23 0
1.33 0
1.31 0
1.23 0
1.21 0
1.31 0
1.4 0
1.24 0
1.4 0
1.39 0
1.22 0
1.23 0
1.23 0
1.37 0
1.37 0
1.32 0
1.29 0
1.31 0
1.28 0
1.28 0
1.36 0
1.28 0
1.33 0
1.39 0
1.21 0
1.37 0
1.21 0
1.27 0
1.21 0
1.3 0
1.3 0
1.23 0
1.21 0
1.24 0
1.23 0
1.39 0
1.27 0
1.25 0
1.31 0
1.21 0
1.22 0
1.48 1
1.6 1
1.45 1
1.52 1
1.48 1
1.45 1
1.58 1
1.54 1
1.48 1
1.6 1
1.6 1
1.6 1
1.51 1
1.44 1
1.52 1
1.57 1
1.54 1
1.45 1
1.42 1
1.49 1
1.54 1
1.48 1
1.55 1
1.59 1
1.44 1
1.6 1
1.57 1
1.51 1
1.44 1
1.48 1
1.47 1
1.49 1
1.58 1
1.55 1
1.57 1
1.52 1
1.41 1
1.57 1
1.55 1
1.47 1
1.6 1
1.59 1
1.5 1
1.49 1
1.47 1
1.5 1
1.5 1
1.43 1
1.58 1
1.48 1
1.5 1
1.59 1
1.49 1
1.6 1
1.43 1
1.41 1
1.58 1
1.44 1
1.5 1
1.44 1
1.53 1
1.44 1
1.58 1
1.41 1
1.48 1
1.58 1
1.51 1
1.56 1
1.58 1
1.48 1
1.43 1
1.43 1
1.47 1
1.43 1
1.48 1
1.54 1
1.45 1
1.53 1
1.47 1
1.49 1
1.51 1
1.56 1
1.41 1
1.41 1
1.57 1
1.6 1
1.56 1
1.52 1
1.45 1
1.51 1
1.54 1
1.48 1
1.45 1
1.46 1
1.46 1
1.59 1
1.46 1
1.58 1
1.45 1
1.46 1
1.59 1
1.59 1
1.42 1
1.53 1
1.6 1
1.45 1
1.44 1
1.46 1
1.58 1
1.46 1
1.46 1
1.5 1
1.59 1
1.57 1
1.52 1
1.49 1
1.45 1
1.41 1
1.53 1
1.53 1
1.5 1
1.47 1
1.5 1
1.6 1
1.58 1
1.5 1
1.44 1
1.47 1
1.51 1
1.48 1
1.46 1
1.49 1
1.48 1
1.49 1
1.52 1
1.46 1
1.58 1
1.47 1
1.45 1
1.56 1
1.5 1
1.48 1
1.44 1
1.53 1
1.47 1
1.52 1
1.53 1
1.5 1
1.6 1
1.46 1
1.59 1
1.47 1
1.44 1
1.43 1
1.59 1
1.46 1
1.51 1
1.56 1
1.42 1
1.44 1
1.5 1
1.52 1
1.45 1
1.49 1
1.5 1
1.46 1
1.46 1
1.52 1
1.42 1
1.43 1
1.6 1
1.58 1
1.45 1
1.59 1
1.49 1
1.48 1
1.46 1
1.41 1
1.58 1
1.49 1
1.54 1
1.44 1
1.56 1
1.44 1
1.49 1
1.41 1
1.57 1
1.51 1
1.41 1
1.56 1
1.49 1
1.46 1
1.43 1
1.54 1
1.51 1
1.57 1
1.56 1
1.51 1
1.47 1
1.45 1
1.54 1
1.53 1
1.59 1
1.43 1
1.47 1
1.52 1
1.49 1
1.56 1
1.45 1
1.51 1
1.54 1
1.47 1
1.45 1
1.48 1
1.6 1
1.44 1
1.48 1
1.57 1
1.53 1
1.47 1
1.47 1
1.48 1
1.6 1
1.52 1
1.5 1
1.58 1
1.57 1
1.57 1
1.52 1
1.47 1
1.6 1
1.57 1
1.56 1
1.57 1
1.53 1
1.45 1
1.55 1
1.5 1
1.5 1
1.42 1
1.54 1
1.58 1
1.6 1
1.41 1
1.51 1
1.47 1
1.59 1
1.55 1
1.56 1
1.57 1
1.58 1
1.59 1
1.47 1
1.43 1
1.48 1
1.5 1
1.51 1
1.58 1
1.49 1
1.47 1
1.52 1
1.53 1
1.46 1
1.47 1
1.56 1
1.42 1
1.51 1
1.57 1
1.52 1
1.56 1
1.58 1
1.43 1
1.57 1
1.55 1
1.5 1
1.45 1
1.57 1
1.54 1
1.55 1
1.54 1
1.56 1
1.59 1
1.5 1
1.45 1
1.41 1
1.42 1
1.47 1
1.51 1
1.52 1
1.48 1
1.45 1
1.6 1
1.43 1
1.52 1
1.43 1
1.43 1
1.45 1
1.42 1
1.46 1
1.5 1
1.47 1
1.49 1
1.47 1
1.58 1
1.45 1
1.49 1
1.42 1
1.52 1
1.54 1
1.51 1
1.54 1
1.41 1
1.51 1
1.56 1
1.41 1
1.44 1
1.59 1
1.57 1
1.59 1
1.52 1
1.47 1
1.46 1
1.53 1
1.43 1
1.6 1
1.41 1
1.47 1
1.53 1
1.47 1
1.56 1
1.49 1
1.6 1
1.46 1
1.46 1
1.51 1
1.47 1
1.57 1
1.54 1
1.51 1
1.51 1
1.5 1
1.41 1
1.59 1
1.58 1
1.45 1
1.5 1
1.45 1
1.6 1
1.48 1
1.6 1
1.51 1
1.59 1
1.44 1
1.56 1
1.49 1
1.54 1
1.49 1
1.41 1
1.59 1
1.5 1
1.56 1
1.47 1
1.43 1
1.58 1
1.55 1
1.58 1
1.57 1
1.44 1
1.48 1
1.43 1
1.44 1
1.48 1
1.41 1
1.52 1
1.53 1
1.53 1
1.55 1
1.55 1
1.54 1
1.47 1
1.6 1
1.41 1
1.45 1
1.55 1
1.41 1
1.59 1
1.6 1
1.57 1
1.45 1
1.56 1
1.55 1
1.57 1
1.59 1
1.44 1
1.54 1
1.53 1
1.47 1
1.52 1
1.54 1
1.47 1
1.46 1
1.41 1
1.54 1
1.59 1
1.52 1
1.53 1
1.41 1
1.56 1
1.57 1
1.41 1
1.53 1
1.58 1
1.48 1
1.57 1
1.56 1
1.57 1
1.56 1
1.42 1
1.5 1
1.5 1
1.49 1
1.46 1
1.53 1
1.59 1
1.49 1
1.5 1
1.42 1
1.5 1
1.6 1
1.56 1
1.45 1
1.41 1
1.41 1
1.57 1
1.43 1
1.44 1
1.59 1
1.43 1
1.44 1
1.51 1
1.43 1
1.45 1
1.47 1
1.56 1
1.52 1
1.53 1
1.58 1
1.43 1
1.5 1
1.41 1
1.56 1
1.59 1
1.47 1
1.49 1
1.42 1
1.5 1
1.57 1
1.58 1
1.54 1
1.53 1
1.58 1
1.57 1
1.47 1
1.51 1
1.49 1
1.56 1
1.45 1
1.55 1
1.44 1
1.58 1
1.56 1
1.49 1
1.41 1
1.48 1
1.47 1
1.52 1
1.48 1
1.56 1
1.42 1
1.52 1
1.49 1
1.49 1
1.52 1
1.45 1
1.44 1
1.5 1
1.43 1
1.55 1
1.51 1
1.56 1
1.45 1
1.52 1
1.5 1
1.52 1
1.44 1
1.48 1
1.48 1
1.56 1
1.5 1
1.51 1
1.54 1
1.57 1
1.49 1
1.58 1
1.41 1
1.6 1
1.59 1
1.51 1
1.45 1
1.53 1
1.48 1
1.45 1
1.56 1
1.55 1
1.44 1
1.44 1
1.5 1
1.54 1
1.59 1
1.6 1
1.45 1
1.56 1
1.46 1
1.58 1
1.44 1
1.47 1
1.52 1
1.51 1
1.48 1
1.54 1
1.54 1
1.42 1
1.6 1
1.46 1
1.44 1
1.53 1
1.47 1
1.55 1
1.47 1
1.51 1
1.45 1
1.43 1
1.44 1
1.44 1
1.49 1
1.53 1
1.45 1
1.49 1
1.58 1
1.55 1
1.51 1
1.48 1
1.59 1
1.55 1
1.57 1
1.56 1
1.55 1
1.44 1
1.55 1
1.56 1
1.54 1
1.59 1
1.58 1
1.51 1
1.45 1
1.59 1
1.42 1
1.48 1
1.56 1
1.6 1
1.45 1
1.58 1
1.59 1
1.46 1
1.55 1
1.48 1
1.49 1
1.58 1
1.55 1
1.45 1
1.57 1
1.58 1
1.49 1
1.51 1
1.49 1
1.51 1
1.47 1
1.49 1
1.57 1
1.54 1
1.53 1
1.57 1
1.44 1
1.41 1
1.58 1
1.55 1
1.56 1
1.56 1
1.44 1
1.41 1
1.49 1
1.51 1
1.59 1
1.53 1
1.55 1
1.5 1
1.56 1
1.49 1
1.55 1
1.52 1
1.49 1
1.49 1
1.57 1
1.43 1
1.45 1
1.56 1
1.57 1
1.55 1
1.45 1
1.5 1
1.43 1
1.52 1
1.46 1
1.6 1
1.56 1
1.41 1
1.45 1
1.52 1
1.55 1
1.42 1
1.58 1
1.41 1
1.45 1
1.58 1
1.57 1
1.42 1
1.54 1
1.52 1
1.5 1
1.52 1
1.51 1
1.53 1
1.53 1
1.53 1
1.43 1
1.54 1
1.47 1
1.56 1
1.53 1
1.5 1
1.42 1
1.42 1
1.6 1
1.48 1
1.48 1
1.43 1
1.5 1
1.53 1
1.57 1
1.5 1
1.48 1
1.52 1
1.41 1
1.58 1
1.44 1
1.49 1
1.5 1
1.49 1
1.52 1
1.6 1
1.45 1
1.53 1
1.5 1
1.48 1
1.54 1
1.43 1
1.41 1
1.48 1
1.55 1
1.56 1
1.43 1
1.52 1
1.45 1
1.59 1
1.5 1
1.49 1
1.51 1
1.56 1
1.44 1
1.58 1
1.49 1
1.42 1
1.45 1
1.52 1
1.41 1
1.44 1
1.43 1
1.43 1
1.53 1
1.44 1
1.57 1
1.49 1
1.5 1
1.41 1
1.48 1
1.57 1
1.41 1
1.6 1
1.6 1
1.56 1
1.6 1
1.44 1
1.44 1
1.59 1
1.47 1
1.58 1
1.56 1
1.46 1
1.48 1
1.44 1
1.54 1
1.59 1
1.47 1
1.43 1
1.57 1
1.53 1
1.53 1
1.43 1
1.47 1
1.49 1
1.45 1
1.56 1
1.55 1
1.59 1
1.52 1
1.41 1
1.43 1
1.54 1
1.41 1
1.53 1
1.47 1
1.55 1
1.42 1
1.44 1
1.45 1
1.58 1
1.5 1
1.5 1
1.56 1
1.45 1
1.54 1
1.48 1
1.54 1
1.59 1
1.59 1
1.49 1
1.59 1
1.43 1
1.42 1
1.58 1
1.47 1
1.46 1
1.55 1
1.5 1
1.56 1
1.5 1
1.44 1
1.43 1
1.44 1
1.41 1
1.48 1
1.52 1
1.41 1
1.53 1
1.5 1
1.5 1
1.47 1
1.47 1
1.45 1
1.5 1
1.42 1
1.41 1
1.52 1
1.59 1
1.55 1
1.46 1
1.41 1
1.52 1
1.45 1
1.44 1
1.51 1
1.53 1
1.48 1
1.6 1
1.56 1
1.54 1
1.5 1
1.59 1
1.5 1
1.52 1
1.41 1
1.6 1
1.47 1
1.5 1
1.53 1
1.52 1
1.5 1
1.52 1
1.48 1
1.57 1
1.46 1
1.47 1
1.49 1
1.51 1
1.42 1
1.48 1
1.47 1
1.44 1
1.41 1
1.59 1
1.57 1
1.45 1
1.51 1
1.59 1
1.59 1
1.45 1
1.5 1
1.41 1
1.6 1
1.54 1
1.54 1
1.5 1
1.46 1
1.42 1
1.5 1
1.59 1
1.52 1
1.58 1
1.42 1
1.5 1
1.52 1
1.47 1
1.43 1
1.51 1
1.41 1
1.46 1
1.49 1
1.44 1
1.42 1
1.44 1
1.56 1
1.41 1
1.44 1
1.55 1
1.58 1
1.44 1
1.54 1
1.59 1
1.45 1
1.55 1
1.42 1
1.52 1
1.44 1
1.53 1
1.53 1
1.46 1
1.47 1
1.55 1
1.49 1
1.46 1
1.41 1
1.47 1
1.47 1
1.59 1
1.58 1
1.5 1
1.47 1
1.54 1
1.51 1
1.53 1
1.44 1
1.59 1
1.46 1
1.43 1
1.49 1
1.43 1
1.44 1
1.42 1
1.43 1
1.49 1
1.48 1
1.5 1
1.59 1
1.48 1
1.5 1
1.45 1
1.42 1
1.48 1
1.44 1
1.41 1
1.51 1
1.5 1
1.44 1
1.57 1
1.48 1
1.57 1
1.45 1
1.59 1
1.42 1
1.49 1
1.44 1
1.42 1
1.43 1
1.43 1
1.41 1
1.5 1
1.5 1
1.45 1
1.45 1
1.44 1
1.52 1
1.48 1
1.45 1
1.51 1
1.41 1
1.54 1
1.49 1
1.46 1
1.47 1
1.47 1
1.45 1
1.46 1
1.58 1
1.55 1
1.5 1
1.41 1
1.45 1
1.57 1
1.5 1
1.6 1
1.51 1
1.57 1
1.57 1
1.42 1
1.47 1
1.47 1
1.56 1
1.5 1
1.59 1
1.42 1
1.53 1
1.55 1
1.48 1
1.41 1
1.57 1
1.49 1
1.57 1
1.54 1
1.59 1
1.56 1
1.52 1
1.49 1
1.47 1
1.53 1
1.55 1
1.54 1
1.53 1
1.53 1
1.46 1
1.41 1
1.46 1
1.47 1
1.56 1
1.47 1
1.49 1
1.46 1
1.55 1
1.55 1
1.6 1
1.49 1
1.41 1
1.56 1
1.46 1
1.53 1
1.55 1
1.46 1
1.47 1
1.47 1
1.43 1
1.6 1
1.51 1
1.6 1
1.43 1
1.44 1
1.45 1
1.49 1
1.42 1
1.57 1
1.48 1
1.53 1
1.43 1
1.57 1
1.58 1
1.5 1
1.46 1
1.47 1
1.43 1
1.59 1
1.57 1
1.52 1
1.6 1
1.53 1
1.49 1
1.44 1
1.42 1
1.59 1
1.58 1
1.43 1
1.49 1
1.52 0
1.46 0
1.5 0
1.5 0
1.52 0
1.55 0
1.48 0
1.49 0
1.51 0
1.59 0
1.52 0
1.47 0
1.46 0
1.44 0
1.45 0
1.46 0
1.56 0
1.45 0
1.55 0
1.52 0
1.45 0
1.47 0
1.43 0
1.42 0
1.52 0
1.57 0
1.51 0
1.54 0
1.5 0
1.56 0
1.57 0
1.51 0
1.49 0
1.44 0
1.56 0
1.57 0
1.59 0
1.56 0
1.51 0
1.46 0
1.47 0
1.43 0
1.57 0
1.52 0
1.55 0
1.45 0
1.59 0
1.43 0
1.49 0
1.45 0
1.57 0
1.43 0
1.5 0
1.41 0
1.47 0
1.57 0
1.51 0
1.56 0
1.54 0
1.5 0
1.42 0
1.53 0
1.47 0
1.42 0
1.59 0
1.44 0
1.6 0
1.41 0
1.55 0
1.59 0
1.42 0
1.47 0
1.44 0
1.54 0
1.51 0
1.52 0
1.43 0
1.41 0
1.48 0
1.57 0
1.45 0
1.58 0
1.53 0
1.52 0
1.6 0
1.44 0
1.54 0
1.49 0
1.49 0
1.54 0
1.54 0
1.46 0
1.59 0
1.46 0
1.42 0
1.44 0
1.5 0
1.58 0
1.54 0
1.57 0
1.56 0
1.51 0
1.57 0
1.47 0
1.58 0
1.55 0
1.48 0
1.42 0
1.47 0
1.51 0
1.6 0
1.49 0
1.57 0
1.56 0
1.6 0
1.51 0
1.57 0
1.58 0
1.51 0
1.49 0
1.55 0
1.47 0
1.57 0
1.59 0
1.59 0
1.44 0
1.47 0
1.58 0
1.48 0
1.6 0
1.45 0
1.54 0
1.45 0
1.48 0
1.47 0
1.51 0
1.41 0
1.42 0
1.41 0
1.58 0
1.56 0
1.5 0
1.59 0
1.47 0
1.52 0
1.46 0
1.45 0
1.46 0
1.55 0
1.6 0
1.55 0
1.49 0
1.57 0
1.6 0
1.42 0
1.45 0
1.48 0
1.5 0
1.41 0
1.41 0
1.44 0
1.57 0
1.57 0
1.44 0
1.5 0
1.48 0
1.41 0
1.45 0
1.41 0
1.55 0
1.5 0
1.53 0
1.42 0
1.55 0
1.44 0
1.49 0
1.41 0
1.5 0
1.53 0
1.56 0
1.52 0
1.56 0
1.48 0
1.59 0
1.46 0
1.53 0
1.56 0
1.46 0
1.58 0
1.46 0
1.52 0
1.59 0
1.47 0
1.51 0
1.52 0
1.45 0
1.41 0
1.59 0
1.43 0
1.41 0
1.46 0
1.47 0
1.48 0
1.44 0
1.46 0
1.48 0
1.5 0
1.49 0
1.45 0
1.46 0
1.6 0
1.53 0
1.48 0
1.57 0
1.54 0
1.52 0
1.42 0
1.6 0
1.43 0
1.57 0
1.52 0
1.44 0
1.51 0
1.54 0
1.5 0
1.54 0
1.42 0
1.45 0
1.47 0
1.54 0
1.58 0
1.54 0
1.54 0
1.56 0
1.44 0
1.42 0
1.53 0
1.49 0
1.58 0
1.47 0
1.41 0
1.58 0
1.44 0
1.45 0
1.54 0
1.49 0
1.51 0
1.41 0
1.57 0
1.46 0
1.59 0
1.44 0
1.54 0
1.55 0
1.55 0
1.6 0
1.5 0
1.54 0
1.43 0
1.52 0
1.45 0
1.55 0
1.45 0
1.51 0
1.53 0
1.57 0
1.5 0
1.57 0
1.48 0
1.58 0
1.59 0
1.6 0
1.51 0
1.6 0
1.43 0
1.41 0
1.48 0
1.41 0
1.5 0
1.48 0
1.51 0
1.57 0
1.54 0
1.52 0
1.56 0
1.6 0
1.5 0
1.47 0
1.49 0
1.5 0
1.56 0
1.42 0
1.6 0
1.41 0
1.53 0
1.53 0
1.43 0
1.47 0
1.58 0
1.47 0
1.58 0
1.6 0
1.45 0
1.57 0
1.51 0
1.45 0
1.58 0
1.42 0
1.5 0
1.45 0
1.51 0
1.53 0
1.51 0
1.47 0
1.46 0
1.43 0
1.57 0
1.57 0
1.46 0
1.54 0
1.49 0
1.56 0
1.52 0
1.53 0
1.43 0
1.53 0
1.55 0
1.46 0
1.47 0
1.49 0
1.46 0
1.53 0
1.58 0
1.45 0
1.47 0
1.48 0
1.5 0
1.41 0
1.5 0
1.42 0
1.54 0
1.42 0
1.56 0
1.56 0
1.42 0
1.49 0
1.43 0
1.43 0
1.46 0
1.57 0
1.44 0
1.54 0
1.56 0
1.6 0
1.49 0
1.53 0
1.57 0
1.6 0
1.58 0
1.47 0
1.49 0
1.6 0
1.59 0
1.46 0
1.43 0
1.49 0
1.57 0
1.58 0
1.53 0
1.44 0
1.42 0
1.52 0
1.42 0
1.48 0
1.49 0
1.49 0
1.51 0
1.42 0
1.55 0
1.57 0
1.57 0
1.58 0
1.55 0
1.45 0
1.6 0
1.49 0
1.48 0
1.42 0
1.49 0
1.58 0
1.43 0
1.6 0
1.6 0
1.52 0
1.6 0
1.59 0
1.51 0
1.43 0
1.5 0
1.46 0
1.5 0
1.59 0
1.54 0
1.46 0
1.45 0
1.59 0
1.6 0
1.5 0
1.54 0
1.45 0
1.53 0
1.5 0
1.44 0
1.42 0
1.45 0
1.51 0
1.6 0
1.41 0
1.53 0
1.41 0
1.46 0
1.59 0
1.52 0
1.5 0
1.56 0
1.49 0
1.57 0
1.43 0
1.51 0
1.46 0
1.41 0
1.56 0
1.42 0
1.53 0
1.45 0
1.59 0
1.47 0
1.45 0
1.42 0
1.5 0
1.42 0
1.54 0
1.44 0
1.43 0
1.58 0
1.52 0
1.6 0
1.56 0
1.58 0
1.53 0
1.54 0
1.49 0
1.6 0
1.41 0
1.51 0
1.55 0
1.51 0
1.47 0
1.58 0
1.5 0
1.59 0
1.45 0
1.55 0
1.41 0
1.57 0
1.43 0
1.6 0
1.57 0
1.52 0
1.41 0
1.56 0
1.54 0
1.55 0
1.57 0
1.43 0
1.43 0
1.57 0
1.59 0
1.5 0
1.44 0
1.55 0
1.59 0
1.52 0
1.51 0
1.56 0
1.59 0
1.54 0
1.49 0
1.59 0
1.6 0
1.55 0
1.58 0
1.59 0
1.48 0
1.43 0
1.53 0
1.57 0
1.42 0
1.52 0
1.41 0
1.59 0
1.56 0
1.56 0
1.45 0
1.53 0
1.6 0
1.41 0
1.6 0
1.52 0
1.47 0
1.6 0
1.46 0
1.48 0
1.51 0
1.43 0
1.44 0
1.6 0
1.52 0
1.57 0
1.47 0
1.52 0
1.55 0
1.55 0
1.43 0
1.6 0
1.44 0
1.48 0
1.56 0
1.42 0
1.57 0
1.53 0
1.58 0
1.55 0
1.45 0
1.42 0
1.43 0
1.57 0
1.5 0
1.58 0
1.45 0
1.41 0
1.5 0
1.5 0
1.46 0
1.51 0
1.55 0
1.57 0
1.43 0
1.53 0
1.45 0
1.48 0
1.47 0
1.5 0
1.45 0
1.57 0
1.47 0
1.5 0
1.58 0
1.54 0
1.57 0
1.55 0
1.59 0
1.46 0
1.5 0
1.57 0
1.57 0
1.59 0
1.59 0
1.42 0
1.48 0
1.42 0
1.57 0
1.54 0
1.49 0
1.44 0
1.45 0
1.5 0
1.52 0
1.53 0
1.44 0
1.55 0
1.49 0
1.6 0
1.51 0
1.52 0
1.52 0
1.46 0
1.59 0
1.48 0
1.51 0
1.45 0
1.54 0
1.46 0
1.46 0
1.55 0
1.47 0
1.44 0
1.56 0
1.49 0
1.55 0
1.42 0
1.54 0
1.49 0
1.57 0
1.6 0
1.44 0
1.43 0
1.47 0
1.48 0
1.46 0
1.55 0
1.46 0
1.57 0
1.56 0
1.44 0
1.57 0
1.45 0
1.54 0
1.43 0
1.43 0
1.41 0
1.57 0
1.48 0
1.55 0
1.58 0
1.57 0
1.5 0
1.58 0
1.41 0
1.53 0
1.44 0
1.57 0
1.41 0
1.54 0
1.42 0
1.52 0
1.59 0
1.43 0
1.51 0
1.58 0
1.5 0
1.52 0
1.56 0
1.44 0
1.51 0
1.55 0
1.52 0
1.47 0
1.43 0
1.57 0
1.58 0
1.56 0
1.42 0
1.57 0
1.43 0
1.48 0
1.41 0
1.43 0
1.58 0
1.55 0
1.55 0
1.51 0
1.44 0
1.49 0
1.52 0
1.52 0
1.48 0
1.56 0
1.57 0
1.48 0
1.58 0
1.55 0
1.45 0
1.47 0
1.58 0
1.55 0
1.43 0
1.49 0
1.56 0
1.52 0
1.5 0
1.48 0
1.51 0
1.6 0
1.49 0
1.41 0
1.44 0
1.56 0
1.46 0
1.44 0
1.53 0
1.6 0
1.44 0
1.56 0
1.59 0
1.57 0
1.58 0
1.43 0
1.41 0
1.43 0
1.55 0
1.56 0
1.52 0
1.44 0
1.56 0
1.42 0
1.58 0
1.59 0
1.45 0
1.5 0
1.48 0
1.44 0
1.53 0
1.56 0
1.41 0
1.43 0
1.57 0
1.55 0
1.49 0
1.44 0
1.46 0
1.6 0
1.42 0
1.54 0
1.56 0
1.43 0
1.54 0
1.41 0
1.42 0
1.52 0
1.44 0
1.44 0
1.47 0
1.44 0
1.49 0
1.44 0
1.52 0
1.47 0
1.46 0
1.56 0
1.43 0
1.54 0
1.45 0
1.56 0
1.41 0
1.56 0
1.48 0
1.58 0
1.58 0
1.44 0
1.41 0
1.51 0
1.47 0
1.49 0
1.47 0
1.48 0
1.52 0
1.49 0
1.55 0
1.49 0
1.6 0
1.52 0
1.48 0
1.56 0
1.52 0
1.43 0
1.48 0
1.51 0
1.42 0
1.44 0
1.55 0
1.47 0
1.59 0
1.44 0
1.6 0
1.49 0
1.5 0
1.47 0
1.57 0
1.6 0
1.54 0
1.41 0
1.59 0
1.46 0
1.57 0
1.58 0
1.46 0
1.47 0
1.53 0
1.43 0
1.44 0
1.49 0
1.51 0
1.5 0
1.45 0
1.54 0
1.47 0
1.58 0
1.58 0
1.56 0
1.42 0
1.41 0
1.55 0
1.51 0
1.43 0
1.46 0
1.45 0
1.5 0
1.44 0
1.48 0
1.42 0
1.41 0
1.47 0
1.45 0
1.53 0
1.57 0
1.48 0
1.53 0
1.49 0
1.43 0
1.45 0
1.45 0
1.49 0
1.43 0
1.49 0
1.45 0
1.42 0
1.6 0
1.6 0
1.43 0
1.49 0
1.52 0
1.53 0
1.55 0
1.56 0
1.49 0
1.49 0
1.49 0
1.41 0
1.46 0
1.44 0
1.52 0
1.52 0
1.56 0
1.49 0
1.43 0
1.54 0
1.47 0
1.52 0
1.49 0
1.57 0
1.45 0
1.54 0
1.57 0
1.6 0
1.52 0
1.54 0
1.57 0
1.58 0
1.41 0
1.49 0
1.56 0
1.49 0
1.57 0
1.49 0
1.44 0
1.57 0
1.46 0
1.5 0
1.56 0
1.55 0
1.43 0
1.41 0
1.51 0
1.45 0
1.52 0
1.6 0
1.52 0
1.45 0
1.45 0
1.59 0
1.49 0
1.59 0
1.49 0
1.41 0
1.44 0
1.54 0
1.56 0
1.43 0
1.41 0
1.6 0
1.46 0
1.54 0
1.46 0
1.54 0
1.53 0
1.6 0
1.47 0
1.48 0
1.54 0
1.58 0
1.58 0
1.45 0
1.59 0
1.59 0
1.52 0
1.57 0
1.56 0
1.44 0
1.52 0
1.47 0
1.57 0
1.54 0
1.47 0
1.47 0
1.41 0
1.6 0
1.6 0
1.59 0
1.55 0
1.45 0
1.5 0
1.57 0
1.49 0
1.6 0
1.5 0
1.42 0
1.57 0
1.44 0
1.51 0
1.46 0
1.54 0
1.51 0
1.46 0
1.54 0
1.59 0
1.48 0
1.56 0
1.53 0
1.57 0
1.55 0
1.42 0
1.44 0
1.47 0
1.48 0
1.42 0
1.53 0
1.54 0
1.43 0
1.6 0
1.55 0
1.48 0
1.44 0
1.58 0
1.44 0
1.47 0
1.47 0
1.6 0
1.49 0
1.45 0
1.5 0
1.46 0
1.59 0
1.55 0
1.56 0
1.44 0
1.41 0
1.42 0
1.48 0
1.6 0
1.54 0
1.6 0
1.5 0
1.49 0
1.44 0
1.42 0
1.43 0
1.56 0
1.6 0
1.51 0
1.5 0
1.75 1
1.74 1
1.8 1
1.64 1
1.71 1
1.67 1
1.63 1
1.72 1
1.78 1
1.74 1
1.74 1
1.73 1
1.71 1
1.68 1
1.74 1
1.69 1
1.64 1
1.73 1
1.64 1
1.67 1
1.66 1
1.63 1
1.74 1
1.75 1
1.65 1
1.75 1
1.62 1
1.65 1
1.67 1
1.72 1
1.76 1
1.66 1
1.79 1
1.72 1
1.73 1
1.69 1
1.8 1
1.73 1
1.71 1
1.78 1
1.78 1
1.64 1
1.74 1
1.66 1
1.62 1
1.74 1
1.71 1
1.77 1
1.69 1
1.72 1
1.71 1
1.72 1
1.61 1
1.73 1
1.71 1
1.78 1
1.78 1
1.74 1
1.74 1
1.64 1
1.63 1
1.76 1
1.65 1
1.67 1
1.73 1
1.66 1
1.65 1
1.62 1
1.62 1
1.72 1
1.78 1
1.68 1
1.73 1
1.62 1
1.61 1
1.68 1
1.75 1
1.76 1
1.61 1
1.62 1
1.7 1
1.64 1
1.62 1
1.74 1
1.67 1
1.75 1
1.73 1
1.62 1
1.77 1
1.68 1
1.67 1
1.72 1
1.8 1
1.75 1
1.71 1
1.62 1
1.63 1
1.75 1
1.63 1
1.72 1
1.62 1
1.71 1
1.61 1
1.64 1
1.78 1
1.78 1
1.71 1
1.77 1
1.62 1
1.63 1
1.62 1
1.73 1
1.78 1
1.62 1
1.65 1
1.7 1
1.67 1
1.68 1
1.73 1
1.64 1
1.8 1
1.78 1
1.65 1
1.77 1
1.65 1
1.67 1
1.66 1
1.63 1
1.77 1
1.61 1
1.76 1
1.75 1
1.77 1
1.61 1
1.79 1
1.73 1
1.62 1
1.67 1
1.7 1
1.62 1
1.69 1
1.72 1
1.68 1
1.76 1
1.62 1
1.75 1
1.79 1
1.63 1
1.69 1
1.7 1
1.72 1
1.73 1
1.67 1
1.8 1
1.7 1
1.78 1
1.76 1
1.7 1
1.79 1
1.62 1
1.64 1
1.71 1
1.72 1
1.75 1
1.62 1
1.67 1
1.64 1
1.69 1
1.77 1
1.62 1
1.76 1
1.76 1
1.64 1
1.61 1
1.69 1
1.78 1
1.66 1
1.63 1
1.69 1
1.72 1
1.65 1
1.71 1
1.77 1
1.74 1
1.69 1
1.71 1
1.71 1
1.63 1
1.76 1
1.8 1
1.62 1
1.67 1
1.8 1
1.76 1
1.8 1
1.73 1
1.72 1
1.75 1
1.76 1
1.64 1
1.62 1
1.65 1
1.66 1
1.64 1
1.74 1
1.61 1
1.68 1
1.74 1
1.78 1
1.74 1
1.73 1
1.74 1
1.7 1
1.74 1
1.77 1
1.69 1
1.71 1
1.71 1
1.8 1
1.68 1
1.72 1
1.72 1
1.61 1
1.65 1
1.69 1
1.66 1
1.76 1
1.76 1
1.78 1
1.67 1
1.66 1
1.74 1
1.64 1
1.8 1
1.67 1
1.74 1
1.72 1
1.68 1
1.73 1
1.75 1
1.76 1
1.77 1
1.69 1
1.66 1
1.62 1
1.69 1
1.62 1
1.69 1
1.74 1
1.75 1
1.75 1
1.8 1
1.7 1
1.63 1
1.63 1
1.76 1
1.73 1
1.75 1
1.69 1
1.73 1
1.71 1
1.69 1
1.79 1
1.61 1
1.64 1
1.72 1
1.71 1
1.75 1
1.79 1
1.66 1
1.63 1
1.79 1
1.8 1
1.76 1
1.76 1
1.61 1
1.78 1
1.68 1
1.64 1
1.64 1
1.78 1
1.7 1
1.7 1
1.76 1
1.66 1
1.72 1
1.79 1
1.69 1
1.79 1
1.74 1
1.78 1
1.72 1
1.72 1
1.61 1
1.64 1
1.71 1
1.64 1
1.63 1
1.67 1
1.79 1
1.64 1
1.8 1
1.61 1
1.68 1
1.77 1
1.64 1
1.65 1
1.8 1
1.68 1
1.63 1
1.8 1
1.71 1
1.71 1
1.7 1
1.74 1
1.76 1
1.71 1
1.79 1
1.63 1
1.72 1
1.63 1
1.72 1
1.77 1
1.74 1
1.67 1
1.63 1
1.73 1
1.68 1
1.64 1
1.65 1
1.62 1
1.74 1
1.65 1
1.7 1
1.78 1
1.76 1
1.69 1
1.61 1
1.77 1
1.69 1
1.68 1
1.68 1
1.8 1
1.76 1
1.66 1
1.67 1
1.63 1
1.77 1
1.65 1
1.72 1
1.62 1
1.66 1
1.69 1
1.65 1
1.66 1
1.71 1
1.63 1
1.64 1
1.65 1
1.77 1
1.75 1
1.69 1
1.64 1
1.61 1
1.77 1
1.71 1
1.67 1
1.63 1
1.74 1
1.75 1
1.62 1
1.69 1
1.64 1
1.75 1
1.63 1
1.7 1
1.7 1
1.65 1
1.65 1
1.68 1
1.68 1
1.72 1
1.64 1
1.63 1
1.61 1
1.66 1
1.77 1
1.79 1
1.63 1
1.71 1
1.75 1
1.74 1
1.72 1
1.72 1
1.72 1
1.64 1
1.65 1
1.78 1
1.76 1
1.68 1
1.78 1
1.77 1
1.75 1
1.62 1
1.67 1
1.61 1
1.64 1
1.78 1
1.7 1
1.73 1
1.67 1
1.62 1
1.7 1
1.79 1
1.73 1
1.65 1
1.74 1
1.65 1
1.63 1
1.75 1
1.65 1
1.69 1
1.77 1
1.66 1
1.73 1
1.7 1
1.63 1
1.64 1
1.72 1
1.77 1
1.66 1
1.7 1
1.73 1
1.62 1
1.66 1
1.74 1
1.62 1
1.8 1
1.8 1
1.64 1
1.75 1
1.77 1
1.65 1
1.63 1
1.67 1
1.67 1
1.74 1
1.77 1
1.76 1
1.7 1
1.61 1
1.75 1
1.79 1
1.69 1
1.8 1
1.71 1
1.8 1
1.77 1
1.74 1
1.61 1
1.71 1
1.76 1
1.75 1
1.73 1
1.65 1
1.65 1
1.69 1
1.78 1
1.79 1
1.7 1
1.78 1
1.77 1
1.66 1
1.68 1
1.62 1
1.71 1
1.7 1
1.71 1
1.73 1
1.76 1
1.68 1
1.66 1
1.66 1
1.79 1
1.71 1
1.65 1
1.67 1
1.63 1
1.69 1
1.76 1
1.61 1
1.62 1
1.66 1
1.71 1
1.63 1
1.64 1
1.75 1
1.72 1
1.74 1
1.7 1
1.8 1
1.62 1
1.8 1
1.64 1
1.75 1
1.74 1
1.79 1
1.69 1
1.63 1
1.64 1
1.65 1
1.7 1
1.61 1
1.69 1
1.72 1
1.71 1
1.65 1
1.74 1
1.75 1
1.78 1
1.76 1
1.72 1
1.73 1
1.7 1
1.77 1
1.61 1
1.64 1
1.68 1
1.72 1
1.73 1
1.74 1
1.77 1
1.65 1
1.65 1
1.63 1
1.79 1
1.65 1
1.71 1
1.8 1
1.65 1
1.65 1
1.61 1
1.64 1
1.67 1
1.72 1
1.76 1
1.8 1
1.69 1
1.73 1
1.65 1
1.67 1
1.74 1
1.67 1
1.64 1
1.71 1
1.75 1
1.76 1
1.8 1
1.66 1
1.71 1
1.75 1
1.79 1
1.69 1
1.7 1
1.78 1
1.62 1
1.71 1
1.72 1
1.78 1
1.72 1
1.62 1
1.65 1
1.64 1
1.79 1
1.64 1
1.67 1
1.77 1
1.78 1
1.63 1
1.66 1
1.79 1
1.73 1
1.77 1
1.74 1
1.72 1
1.64 1
1.76 1
1.62 1
1.69 1
1.66 1
1.7 1
1.72 1
1.66 1
1.75 1
1.66 1
1.76 1
1.65 1
1.75 1
1.8 1
1.78 1
1.66 1
1.76 1
1.68 1
1.61 1
1.71 1
1.7 1
1.77 1
1.73 1
1.77 1
1.68 1
1.75 1
1.73 1
1.71 1
1.66 1
1.67 1
1.69 1
1.62 1
1.74 1
1.75 1
1.69 1
1.7 1
1.69 1
1.66 1
1.64 1
1.73 1
1.67 1
1.64 1
1.61 1
1.63 1
1.8 1
1.8 1
1.79 1
1.8 1
1.65 1
1.76 1
1.63 1
1.68 1
1.73 1
1.68 1
1.61 1
1.68 1
1.78 1
1.73 1
1.78 1
1.72 1
1.63 1
1.69 1
1.67 1
1.74 1
1.7 1
1.71 1
1.62 1
1.61 1
1.65 1
1.8 1
1.66 1
1.69 1
1.7 1
1.67 1
1.65 1
1.68 1
1.76 1
1.71 1
1.64 1
1.63 1
1.71 1
1.78 1
1.72 1
1.66 1
1.61 1
1.8 1
1.65 1
1.63 1
1.74 1
1.63 1
1.62 1
1.62 1
1.64 1
1.65 1
1.73 1
1.65 1
1.8 1
1.77 1
1.62 1
1.68 1
1.78 1
1.63 1
1.64 1
1.65 1
1.72 1
1.63 1
1.75 1
1.77 1
1.7 1
1.7 1
1.7 1
1.79 1
1.75 1
1.73 1
1.78 1
1.79 1
1.78 1
1.67 1
1.8 1
1.78 1
1.68 1
1.75 1
1.73 1
1.71 1
1.75 1
1.65 1
1.63 1
1.79 1
1.71 1
1.62 1
1.8 1
1.62 1
1.79 1
1.74 1
1.75 1
1.63 1
1.76 1
1.69 1
1.73 1
1.72 1
1.65 1
1.7 1
1.79 1
1.74 1
1.79 1
1.7 1
1.63 1
1.7 1
1.72 1
1.63 1
1.63 1
1.67 1
1.61 1
1.62 1
1.8 1
1.66 1
1.65 1
1.68 1
1.73 1
1.73 1
1.69 1
1.75 1
1.62 1
1.7 1
1.8 1
1.78 1
1.65 1
1.73 1
1.75 1
1.74 1
1.8 1
1.69 1
1.73 1
1.8 1
1.63 1
1.61 1
1.75 1
1.72 1
1.78 1
1.68 1
1.75 1
1.63 1
1.72 1
1.72 1
1.78 1
1.73 1
1.64 1
1.68 1
1.75 1
1.77 1
1.75 1
1.73 1
1.76 1
1.62 1
1.74 1
1.77 1
1.68 1
1.66 1
1.67 1
1.65 1
1.73 1
1.69 1
1.64 1
1.61 1
1.74 1
1.8 1
1.63 1
1.65 1
1.62 1
1.63 1
1.72 1
1.77 1
1.76 1
1.73 1
1.76 1
1.8 1
1.77 1
1.63 1
1.7 1
1.61 1
1.77 1
1.77 1
1.75 1
1.63 1
1.62 1
1.79 1
1.67 1
1.67 1
1.69 1
1.75 1
1.71 1
1.71 1
1.76 1
1.68 1
1.75 1
1.75 1
1.61 1
1.72 1
1.66 1
1.62 1
1.65 1
1.62 1
1.79 1
1.7 1
1.72 1
1.62 1
1.76 1
1.77 1
1.62 1
1.67 1
1.8 1
1.64 1
1.7 1
1.71 1
1.66 1
1.78 1
1.72 1
1.76 1
1.79 1
1.75 1
1.74 1
1.64 1
1.78 1
1.61 1
1.77 1
1.75 1
1.68 1
1.67 1
1.75 1
1.75 1
1.67 1
1.75 1
1.69 1
1.75 1
1.64 1
1.79 1
1.62 1
1.76 1
1.75 1
1.78 1
1.64 1
1.79 1
1.75 1
1.62 1
1.63 1
1.62 1
1.64 1
1.72 1
1.78 1
1.79 1
1.64 1
1.71 1
1.69 1
1.75 1
1.72 1
1.65 1
1.62 1
1.71 1
1.61 1
1.77 1
1.66 1
1.63 1
1.68 1
1.77 1
1.66 1
1.72 1
1.62 1
1.72 1
1.72 1
1.77 1
1.73 1
1.8 1
1.75 1
1.69 1
1.67 1
1.73 1
1.8 1
1.65 1
1.68 1
1.61 1
1.8 1
1.75 1
1.7 1
1.74 1
1.7 1
1.76 1
1.63 1
1.75 1
1.65 1
1.74 1
1.74 1
1.63 1
1.78 1
1.77 1
1.74 1
1.7 1
1.63 1
1.72 1
1.79 1
1.7 1
1.79 1
1.67 1
1.72 1
1.77 1
1.62 1
1.76 1
1.69 1
1.66 1
1.74 1
1.76 1
1.71 1
1.71 1
1.67 1
1.74 1
1.73 1
1.69 1
1.8 1
1.79 1
1.67 1
1.66 1
1.63 1
1.7 1
1.66 1
1.79 1
1.71 1
1.7 1
1.74 1
1.78 1
1.71 1
1.78 1
1.62 1
1.8 1
1.8 1
1.78 1
1.66 1
1.67 1
1.68 1
1.76 1
1.66 1
1.73 1
1.7 1
1.72 1
1.73 1
1.66 1
1.72 1
1.78 1
1.8 1
1.62 1
1.79 1
1.63 1
1.71 1
1.74 1
1.75 1
1.63 1
1.76 1
1.73 1
1.61 1
1.73 1
1.67 1
1.65 1
1.72 1
1.65 1
1.74 1
1.76 1
1.63 1
1.8 1
1.61 1
1.73 1
1.62 1
1.77 1
1.67 1
1.76 1
1.77 1
1.65 1
1.67 1
1.77 1
1.72 1
1.67 1
1.76 1
1.61 1
1.68 1
1.7 1
1.7 1
1.62 1
1.71 1
1.7 1
1.8 1
1.66 1
1.64 1
1.61 1
1.67 1
1.71 1
1.73 1
1.74 1
1.8 1
1.78 1
1.79 1
1.8 1
1.71 1
1.78 1
1.78 1
1.75 1
1.68 1
1.67 1
1.77 1
1.74 1
1.74 1
1.73 0
1.77 0
1.74 0
1.68 0
1.76 0
1.69 0
1.78 0
1.62 0
1.62 0
1.77 0
1.69 0
1.72 0
1.78 0
1.7 0
1.79 0
1.67 0
1.79 0
1.64 0
1.63 0
1.71 0
1.68 0
1.8 0
1.69 0
1.73 0
1.8 0
1.75 0
1.72 0
1.64 0
1.79 0
1.64 0
1.68 0
1.78 0
1.69 0
1.63 0
1.76 0
1.8 0
1.73 0
1.78 0
1.67 0
1.79 0
1.76 0
1.71 0
1.72 0
1.77 0
1.79 0
1.8 0
1.66 0
1.76 0
1.61 0
1.69 0
1.74 0
1.79 0
1.7 0
1.63 0
1.76 0
1.72 0
1.75 0
1.7 0
1.61 0
1.74 0
1.76 0
1.78 0
1.73 0
1.78 0
1.8 0
1.7 0
1.78 0
1.67 0
1.76 0
1.73 0
1.65 0
1.66 0
1.69 0
1.73 0
1.72 0
1.65 0
1.77 0
1.63 0
1.78 0
1.77 0
1.62 0
1.66 0
1.65 0
1.65 0
1.66 0
1.64 0
1.74 0
1.75 0
1.65 0
1.7 0
1.67 0
1.77 0
1.7 0
1.72 0
1.68 0
1.75 0
1.72 0
1.77 0
1.71 0
1.74 0
1.72 0
1.79 0
1.61 0
1.77 0
1.68 0
1.73 0
1.62 0
1.72 0
1.65 0
1.79 0
1.67 0
1.71 0
1.78 0
1.72 0
1.71 0
1.63 0
1.73 0
1.7 0
1.71 0
1.72 0
1.78 0
1.74 0
1.61 0
1.77 0
1.71 0
1.78 0
1.77 0
1.79 0
1.75 0
1.64 0
1.76 0
1.71 0
1.7 0
1.69 0
1.74 0
1.66 0
1.76 0
1.65 0
1.72 0
1.67 0
1.78 0
1.76 0
1.64 0
1.78 0
1.75 0
1.7 0
1.64 0
1.63 0
1.76 0
1.65 0
1.74 0
1.63 0
1.68 0
1.78 0
1.68 0
1.75 0
1.72 0
1.8 0
1.64 0
1.79 0
1.68 0
1.71 0
1.74 0
1.62 0
1.7 0
1.67 0
1.66 0
1.68 0
1.75 0
1.8 0
1.71 0
1.64 0
1.68 0
1.76 0
1.68 0
1.63 0
1.76 0
1.74 0
1.65 0
1.73 0
1.74 0
1.67 0
1.73 0
1.76 0
1.72 0
1.69 0
1.62 0
1.72 0
1.62 0
1.64 0
1.7 0
1.75 0
1.77 0
1.64 0
1.76 0
1.65 0
1.79 0
1.65 0
1.71 0
1.7 0
1.71 0
1.65 0
1.65 0
1.67 0
1.72 0
1.63 0
1.74 0
1.8 0
1.62 0
1.63 0
1.75 0
1.64 0
1.78 0
1.61 0
1.8 0
1.73 0
1.63 0
1.61 0
1.8 0
1.7 0
1.78 0
1.68 0
1.78 0
1.72 0
1.77 0
1.65 0
1.72 0
1.62 0
1.65 0
1.63 0
1.77 0
1.72 0
1.62 0
1.77 0
1.73 0
1.71 0
1.76 0
1.74 0
1.66 0
1.68 0
1.61 0
1.73 0
1.78 0
1.76 0
1.72 0
1.79 0
1.76 0
1.75 0
1.76 0
1.64 0
1.63 0
1.68 0
1.64 0
1.64 0
1.7 0
1.7 0
1.64 0
1.72 0
1.78 0
1.68 0
1.74 0
1.66 0
1.71 0
1.66 0
1.74 0
1.67 0
1.75 0
1.74 0
1.69 0
1.67 0
1.76 0
1.75 0
1.77 0
1.79 0
1.8 0
1.79 0
1.65 0
1.61 0
1.8 0
1.75 0
1.69 0
1.78 0
1.79 0
1.79 0
1.63 0
1.67 0
1.63 0
1.71 0
1.79 0
1.74 0
1.65 0
1.8 0
1.68 0
1.64 0
1.65 0
1.64 0
1.8 0
1.61 0
1.68 0
1.76 0
1.8 0
1.75 0
1.75 0
1.72 0
1.66 0
1.72 0
1.79 0
1.69 0
1.61 0
1.71 0
1.74 0
1.77 0
1.8 0
1.72 0
1.65 0
1.79 0
1.73 0
1.71 0
1.69 0
1.62 0
1.72 0
1.61 0
1.74 0
1.7 0
1.66 0
1.63 0
1.77 0
1.78 0
1.79 0
1.78 0
1.65 0
1.64 0
1.77 0
1.7 0
1.75 0
1.77 0
1.69 0
1.75 0
1.63 0
1.66 0
1.63 0
1.73 0
1.7 0
1.64 0
1.8 0
1.63 0
1.7 0
1.76 0
1.61 0
1.74 0
1.73 0
1.69 0
1.72 0
1.61 0
1.79 0
1.63 0
1.74 0
1.76 0
1.71 0
1.66 0
1.7 0
1.65 0
1.74 0
1.66 0
1.74 0
1.8 0
1.74 0
1.72 0
1.71 0
1.76 0
1.7 0
1.61 0
1.8 0
1.63 0
1.65 0
1.67 0
1.77 0
1.64 0
1.61 0
1.64 0
1.66 0
1.76 0
1.72 0
1.61 0
1.66 0
1.7 0
1.75 0
1.69 0
1.64 0
1.67 0
1.62 0
1.65 0
1.65 0
1.65 0
1.67 0
1.61 0
1.76 0
1.67 0
1.61 0
1.74 0
1.7 0
1.8 0
1.71 0
1.79 0
1.73 0
1.7 0
1.67 0
1.77 0
1.77 0
1.76 0
1.74 0
1.78 0
1.77 0
1.65 0
1.74 0
1.71 0
1.79 0
1.77 0
1.62 0
1.76 0
1.71 0
1.73 0
1.73 0
1.69 0
1.77 0
1.68 0
1.8 0
1.66 0
1.7 0
1.67 0
1.71 0
1.74 0
1.77 0
1.63 0
1.61 0
1.72 0
1.61 0
1.75 0
1.73 0
1.64 0
1.71 0
1.78 0
1.62 0
1.65 0
1.76 0
1.67 0
1.73 0
1.63 0
1.7 0
1.71 0
1.75 0
1.66 0
1.65 0
1.67 0
1.75 0
1.76 0
1.65 0
1.66 0
1.79 0
1.63 0
1.66 0
1.62 0
1.65 0
1.64 0
1.67 0
1.8 0
1.68 0
1.8 0
1.77 0
1.64 0
1.68 0
1.64 0
1.77 0
1.62 0
1.73 0
1.64 0
1.68 0
1.69 0
1.65 0
1.7 0
1.69 0
1.77 0
1.7 0
1.8 0
1.68 0
1.64 0
1.65 0
1.74 0
1.64 0
1.67 0
1.73 0
1.69 0
1.62 0
1.63 0
1.65 0
1.77 0
1.77 0
1.8 0
1.63 0
1.78 0
1.76 0
1.75 0
1.79 0
1.64 0
1.61 0
1.71 0
1.78 0
1.63 0
1.68 0
1.79 0
1.72 0
1.67 0
1.63 0
1.68 0
1.68 0
1.62 0
1.74 0
1.69 0
1.77 0
1.71 0
1.7 0
1.73 0
1.7 0
1.64 0
1.79 0
1.63 0
1.8 0
1.64 0
1.75 0
1.74 0
1.79 0
1.66 0
1.73 0
1.67 0
1.69 0
1.73 0
1.77 0
1.73 0
1.62 0
1.72 0
1.61 0
1.73 0
1.7 0
1.76 0
1.67 0
1.75 0
1.64 0
1.79 0
1.64 0
1.66 0
1.62 0
1.63 0
1.79 0
1.64 0
1.65 0
1.8 0
1.66 0
1.71 0
1.8 0
1.79 0
1.65 0
1.67 0
1.66 0
1.66 0
1.64 0
1.73 0
1.66 0
1.78 0
1.72 0
1.77 0
1.65 0
1.73 0
1.64 0
1.62 0
1.76 0
1.72 0
1.66 0
1.77 0
1.7 0
1.78 0
1.8 0
1.61 0
1.7 0
1.61 0
1.73 0
1.75 0
1.67 0
1.77 0
1.65 0
1.66 0
1.77 0
1.74 0
1.67 0
1.79 0
1.78 0
1.72 0
1.78 0
1.65 0
1.76 0
1.79 0
1.66 0
1.64 0
1.62 0
1.76 0
1.74 0
1.76 0
1.8 0
1.71 0
1.7 0
1.74 0
1.67 0
1.67 0
1.76 0
1.78 0
1.7 0
1.63 0
1.78 0
1.62 0
1.72 0
1.64 0
1.68 0
1.76 0
1.67 0
1.76 0
1.69 0
1.64 0
1.61 0
1.75 0
1.63 0
1.61 0
1.8 0
1.75 0
1.71 0
1.79 0
1.61 0
1.77 0
1.72 0
1.73 0
1.8 0
1.66 0
1.77 0
1.7 0
1.76 0
1.65 0
1.67 0
1.62 0
1.73 0
1.79 0
1.77 0
1.73 0
1.7 0
1.67 0
1.61 0
1.75 0
1.67 0
1.62 0
1.72 0
1.79 0
1.79 0
1.76 0
1.79 0
1.63 0
1.69 0
1.7 0
1.65 0
1.77 0
1.72 0
1.7 0
1.69 0
1.64 0
1.74 0
1.62 0
1.73 0
1.72 0
1.76 0
1.72 0
1.73 0
1.7 0
1.69 0
1.76 0
1.67 0
1.79 0
1.66 0
1.71 0
1.69 0
1.7 0
1.79 0
1.75 0
1.66 0
1.7 0
1.76 0
1.69 0
1.63 0
1.61 0
1.61 0
1.64 0
1.69 0
1.7 0
1.77 0
1.78 0
1.64 0
1.73 0
1.8 0
1.77 0
1.69 0
1.77 0
1.68 0
1.61 0
1.61 0
1.76 0
1.72 0
1.75 0
1.65 0
1.62 0
1.61 0
1.77 0
1.7 0
1.69 0
1.8 0
1.63 0
1.64 0
1.64 0
1.8 0
1.71 0
1.65 0
1.76 0
1.64 0
1.66 0
1.72 0
1.64 0
1.73 0
1.72 0
1.7 0
1.78 0
1.63 0
1.76 0
1.63 0
1.7 0
1.62 0
1.65 0
1.8 0
1.63 0
1.8 0
1.71 0
1.64 0
1.66 0
1.72 0
1.66 0
1.76 0
1.63 0
1.78 0
1.74 0
1.62 0
1.79 0
1.72 0
1.73 0
1.76 0
1.65 0
1.71 0
1.66 0
1.75 0
1.8 0
1.63 0
1.8 0
1.62 0
1.65 0
1.78 0
1.68 0
1.68 0
1.75 0
1.8 0
1.62 0
1.62 0
1.77 0
1.62 0
1.75 0
1.76 0
1.8 0
1.75 0
1.65 0
1.76 0
1.7 0
1.74 0
1.76 0
1.69 0
1.69 0
1.73 0
1.65 0
1.61 0
1.67 0
1.67 0
1.67 0
1.63 0
1.67 0
1.73 0
1.71 0
1.64 0
1.73 0
1.79 0
1.79 0
1.63 0
1.79 0
1.8 0
1.76 0
1.79 0
1.77 0
1.68 0
1.78 0
1.62 0
1.75 0
1.65 0
1.75 0
1.61 0
1.72 0
1.69 0
1.7 0
1.78 0
1.74 0
1.61 0
1.61 0
1.72 0
1.64 0
1.65 0
1.74 0
1.74 0
1.61 0
1.65 0
1.76 0
1.63 0
1.71 0
1.69 0
1.68 0
1.68 0
1.64 0
1.68 0
1.8 0
1.78 0
1.79 0
1.72 0
1.73 0
1.8 0
1.66 0
1.73 0
1.77 0
1.75 0
1.73 0
1.72 0
1.67 0
1.79 0
1.79 0
1.76 0
1.68 0
1.64 0
1.72 0
1.79 0
1.71 0
1.75 0
1.66 0
1.76 0
1.77 0
1.78 0
1.68 0
1.67 0
1.7 0
1.76 0
1.71 0
1.62 0
1.75 0
1.76 0
1.71 0
1.72 0
1.74 0
1.65 0
1.72 0
1.71 0
1.65 0
1.76 0
1.66 0
1.68 0
1.73 0
1.79 0
1.79 0
1.76 0
1.71 0
1.72 0
1.65 0
1.61 0
1.62 0
1.65 0
1.67 0
1.71 0
1.75 0
1.79 0
1.65 0
1.79 0
1.69 0
1.62 0
1.7 0
1.74 0
1.65 0
1.76 0
1.8 0
1.67 0
1.61 0
1.7 0
1.76 0
1.66 0
1.67 0
1.74 0
1.69 0
1.67 0
1.66 0
1.73 0
1.79 0
1.72 0
1.79 0
1.65 0
1.71 0
1.66 0
1.69 0
1.73 0
1.77 0
1.65 0
1.8 0
1.62 0
1.62 0
1.65 0
1.62 0
1.77 0
1.64 0
1.61 0
1.68 0
1.64 0
1.79 0
1.67 0
1.63 0
1.8 0
1.73 0
1.73 0
1.66 0
1.76 0
1.75 0
1.71 0
1.72 0
1.77 0
1.69 0
1.75 0
1.7 0
1.7 0
1.68 0
1.75 0
1.61 0
1.69 0
1.63 0
1.66 0
1.7 0
1.72 0
1.63 0
1.62 0
1.74 0
1.71 0
1.8 0
1.77 0
1.61 0
1.76 0
1.78 0
1.67 0
1.77 0
1.83 1
2 1
1.94 1
1.89 1
1.92 1
1.94 1
1.87 1
1.82 1
1.93 1
1.82 1
1.85 1
1.85 1
1.98 1
1.96 1
1.84 1
1.91 1
1.96 1
1.94 1
1.91 1
1.87 1
1.89 1
1.89 1
1.99 1
1.88 1
1.93 1
1.84 1
1.98 1
1.94 1
1.82 1
1.98 1
1.88 1
1.83 1
1.82 1
1.94 1
1.91 1
1.91 1
1.94 1
1.92 1
1.95 1
1.96 1
1.89 1
1.94 1
2 1
1.82 1
1.94 1
1.89 1
1.91 1
1.99 1
1.81 1
1.82 1
1.98 1
1.93 1
1.83 1
1.91 1
1.87 1
1.89 1
1.96 1
1.81 1
1.98 1
1.91 1
1.84 1
1.93 1
1.85 1
1.84 1
1.87 1
1.99 1
1.89 1
1.83 1
1.93 1
1.97 1
1.97 1
1.81 1
1.96 1
1.87 1
1.99 1
1.91 1
1.98 1
1.88 1
1.84 1
1.88 1
1.9 1
1.83 1
1.99 1
1.9 1
1.82 1
2 1
1.84 1
1.96 1
1.93 1
1.85 1
1.85 1
1.96 1
1.98 1
1.83 1
1.86 1
1.85 1
1.92 1
1.83 1
1.95 1
1.83 1
1.89 1
1.93 1
1.89 1
1.97 1
1.93 1
1.92 1
1.9 1
1.98 1
1.98 1
1.95 1
1.9 1
1.97 1
1.92 1
1.85 1
1.92 1
1.9 1
1.99 1
2 1
1.93 1
2 1
1.85 1
1.87 1
1.88 1
1.89 1
1.83 1
1.88 1
1.95 1
1.92 1
1.85 1
1.94 1
1.86 1
1.9 1
1.93 1
1.92 1
1.93 1
1.9 1
2 1
1.83 1
1.96 1
1.9 1
1.99 1
1.88 1
1.92 1
1.93 1
1.96 1
1.94 1
1.96 1
1.95 1
1.84 1
1.81 1
1.89 1
1.94 1
1.91 1
2 1
1.85 1
1.86 1
1.83 1
1.95 1
1.97 1
1.92 1
2 1
1.92 1
1.86 1
1.82 1
1.82 1
2 1
1.9 1
1.97 1
1.85 1
1.82 1
1.82 1
1.93 1
1.99 1
1.95 1
2 1
1.99 1
1.93 1
1.85 1
1.88 1
1.89 1
1.93 1
1.92 1
1.97 1
1.9 1
1.81 1
1.89 1
1.96 1
1.81 1
1.85 1
1.96 1
2 1
2 1
1.83 1
1.99 1
1.98 1
1.96 1
2 1
1.81 1
2 1
2 1
1.87 1
1.96 1
1.88 1
1.98 1
1.84 1
2 1
1.98 1
1.97 1
1.83 1
1.87 1
1.98 1
1.95 1
2 1
1.84 1
1.95 1
1.84 1
1.84 1
1.95 1
1.97 1
1.85 1
1.95 1
1.88 1
1.82 1
1.93 1
1.86 1
1.97 1
1.86 1
1.91 1
1.99 1
1.97 1
1.85 1
1.82 1
1.94 1
1.93 1
1.82 1
2 1
1.89 1
1.82 1
2 1
1.87 1
1.83 1
1.93 1
1.97 1
1.98 1
1.91 1
1.94 1
1.94 1
1.99 1
1.92 1
1.96 1
2 1
1.97 1
1.94 1
1.87 1
1.98 1
1.93 1
1.81 1
1.93 1
1.84 1
1.96 1
1.83 1
1.86 1
1.96 1
1.91 1
1.93 1
1.95 1
1.91 1
1.84 1
1.96 1
1.92 1
2 1
1.91 1
1.87 1
1.93 1
1.89 1
1.87 1
1.9 1
1.98 1
1.82 1
1.92 1
1.97 1
1.91 1
1.97 1
1.96 1
1.91 1
1.81 1
1.84 1
2 1
1.97 1
2 1
1.86 1
1.95 1
1.94 1
1.99 1
1.85 1
1.87 1
1.82 1
1.9 1
1.99 1
1.98 1
1.88 1
1.81 1
1.94 1
1.89 1
1.97 1
1.84 1
1.83 1
1.86 1
1.95 1
1.89 1
1.94 1
1.87 1
1.92 1
1.89 1
1.92 1
1.93 1
1.9 1
1.95 1
1.98 1
1.94 1
1.95 1
1.98 1
1.94 1
1.87 1
1.92 1
1.82 1
1.97 1
1.97 1
1.94 1
1.96 1
1.99 1
1.98 1
1.86 1
1.94 1
1.93 1
1.9 1
1.98 1
1.95 1
1.97 1
1.92 1
1.87 1
1.96 1
1.83 1
1.84 1
1.85 1
1.92 1
1.91 1
1.93 1
1.87 1
1.82 1
1.99 1
1.85 1
1.84 1
1.81 1
1.93 1
1.83 1
1.96 1
1.84 1
1.95 1
1.91 1
1.94 1
1.96 1
2 1
1.81 1
1.89 1
1.89 1
1.82 1
1.93 1
1.82 1
1.85 1
1.9 1
1.86 1
1.94 1
1.92 1
1.99 1
1.94 1
1.88 1
1.82 1
1.96 1
1.91 1
1.98 1
1.93 1
1.87 1
1.81 1
1.91 1
1.99 1
1.93 1
1.82 1
1.83 1
1.95 1
1.97 1
1.85 1
1.93 1
1.91 1
1.86 1
1.96 1
1.88 1
1.81 1
1.87 1
1.85 1
1.86 1
1.88 1
1.95 1
1.83 1
1.89 1
2 1
1.99 1
1.97 1
1.82 1
1.92 1
1.99 1
1.87 1
1.94 1
1.92 1
1.88 1
1.85 1
1.82 1
1.82 1
1.9 1
1.82 1
1.96 1
1.93 1
1.93 1
1.87 1
1.89 1
1.93 1
1.83 1
1.92 1
1.97 1
1.92 1
1.82 1
1.97 1
1.97 1
1.87 1
1.81 1
1.94 1
1.82 1
1.82 1
1.93 1
1.85 1
1.93 1
1.97 1
1.85 1
1.83 1
1.96 1
1.98 1
1.86 1
1.88 1
1.82 1
1.98 1
1.89 1
1.85 1
1.85 1
1.95 1
1.85 1
1.98 1
1.81 1
1.84 1
1.96 1
1.92 1
1.92 1
1.88 1
1.86 1
1.87 1
1.88 1
1.97 1
1.94 1
1.92 1
1.93 1
1.89 1
1.95 1
1.87 1
1.97 1
1.95 1
1.98 1
1.93 1
1.97 1
1.99 1
1.85 1
2 1
1.82 1
1.81 1
1.84 1
1.93 1
1.96 1
1.84 1
1.98 1
1.92 1
1.82 1
1.98 1
1.97 1
1.85 1
1.97 1
1.87 1
1.85 1
1.89 1
1.85 1
1.89 1
1.86 1
1.89 1
1.83 1
1.97 1
1.89 1
1.88 1
1.98 1
1.99 1
1.91 1
1.94 1
1.99 1
1.98 1
1.91 1
1.91 1
1.95 1
1.99 1
2 1
1.82 1
1.97 1
1.87 1
1.83 1
1.92 1
1.84 1
1.86 1
1.81 1
1.98 1
1.86 1
1.91 1
1.89 1
1.84 1
1.82 1
1.9 1
1.83 1
1.91 1
1.92 1
1.98 1
1.82 1
1.82 1
1.94 1
1.84 1
1.92 1
1.84 1
1.81 1
1.97 1
1.94 1
1.81 1
1.87 1
1.81 1
1.91 1
1.81 1
1.84 1
1.87 1
1.96 1
1.92 1
1.97 1
1.96 1
1.97 1
1.98 1
1.88 1
1.99 1
1.99 1
1.87 1
1.87 1
1.96 1
1.92 1
2 1
1.9 1
1.84 1
1.94 1
1.81 1
2 1
2 1
1.84 1
1.85 1
1.88 1
1.99 1
1.99 1
1.95 1
1.89 1
1.82 1
1.93 1
1.82 1
1.87 1
1.92 1
1.95 1
1.84 1
1.85 1
1.83 1
1.98 1
1.89 1
1.97 1
1.82 1
1.94 1
1.97 1
1.92 1
1.93 1
1.98 1
1.89 1
1.84 1
1.81 1
1.97 1
1.81 1
2 1
1.91 1
1.82 1
1.81 1
1.95 1
1.94 1
1.96 1
1.93 1
1.84 1
1.83 1
1.92 1
1.92 1
1.92 1
2 1
1.81 1
1.9 1
1.9 1
1.83 1
1.83 1
1.89 1
1.98 1
1.95 1
1.91 1
1.86 1
1.85 1
1.85 1
1.94 1
1.93 1
1.88 1
1.98 1
1.94 1
1.85 1
1.92 1
1.94 1
1.98 1
1.88 1
1.86 1
1.92 1
1.86 1
1.83 1
1.86 1
1.97 1
1.89 1
1.92 1
1.81 1
1.91 1
1.91 1
1.81 1
1.94 1
1.9 1
1.83 1
1.98 1
1.94 1
1.82 1
1.85 1
1.96 1
1.93 1
1.84 1
1.99 1
1.86 1
1.93 1
1.97 1
1.87 1
2 1
1.86 1
1.97 1
1.81 1
2 1
1.96 1
1.92 1
1.94 1
1.96 1
1.92 1
1.95 1
1.99 1
1.84 1
1.99 1
1.83 1
2 1
1.89 1
1.96 1
1.86 1
1.97 1
1.81 1
1.91 1
1.83 1
1.82 1
1.81 1
1.93 1
1.85 1
1.97 1
1.82 1
1.89 1
1.86 1
1.81 1
1.81 1
1.95 1
1.87 1
1.96 1
1.9 1
1.83 1
1.91 1
1.92 1
1.87 1
1.96 1
1.83 1
1.86 1
1.86 1
1.83 1
1.87 1
1.99 1
1.99 1
1.89 1
1.87 1
1.99 1
1.86 1
1.9 1
1.86 1
1.87 1
1.85 1
1.84 1
1.93 1
1.91 1
1.84 1
1.96 1
1.81 1
1.86 1
1.9 1
1.81 1
1.97 1
1.94 1
1.89 1
1.97 1
1.98 1
2 1
1.81 1
1.95 1
1.95 1
1.86 1
2 1
1.89 1
1.82 1
1.98 1
1.89 1
1.9 1
1.88 1
1.96 1
2 1
1.89 1
1.93 1
1.95 1
1.86 1
1.99 1
1.83 1
1.87 1
1.92 1
1.97 1
1.84 1
1.99 1
1.82 1
2 1
1.92 1
1.81 1
1.92 1
1.94 1
1.85 1
1.93 1
1.88 1
1.88 1
1.96 1
1.85 1
1.93 1
1.89 1
1.96 1
1.88 1
1.9 1
1.94 1
1.81 1
1.85 1
1.88 1
2 1
1.85 1
1.86 1
1.95 1
1.91 1
1.98 1
1.89 1
1.81 1
1.91 1
1.88 1
1.95 1
1.84 1
1.86 1
1.92 1
1.99 1
1.99 1
1.98 1
1.88 1
1.98 1
1.83 1
1.88 1
1.93 1
1.96 1
1.97 1
2 1
1.99 1
1.92 1
1.89 1
2 1
1.93 1
1.91 1
1.95 1
1.88 1
1.99 1
1.9 1
1.87 1
1.82 1
1.85 1
1.99 1
1.87 1
1.89 1
1.94 1
1.93 1
1.98 1
1.98 1
1.87 1
1.85 1
1.85 1
1.82 1
1.81 1
1.81 1
1.92 1
1.85 1
1.86 1
1.93 1
1.81 1
1.83 1
1.98 1
1.91 1
1.82 1
1.98 1
1.98 1
2 1
1.88 1
1.95 1
1.95 1
1.87 1
1.95 1
2 1
1.92 1
1.83 1
1.84 1
1.83 1
1.85 1
1.92 1
1.98 1
1.84 1
1.92 1
1.92 1
1.86 1
1.85 1
1.99 1
1.97 1
1.93 1
1.93 1
1.83 1
1.91 1
1.86 1
1.86 1
1.97 1
1.99 1
1.89 1
1.86 1
1.88 1
1.96 1
1.83 1
2 1
1.89 1
1.96 1
1.96 1
1.95 1
2 1
1.88 1
1.88 1
2 1
1.9 1
1.88 1
1.87 1
1.82 1
1.96 1
1.95 1
1.87 1
1.89 1
1.94 1
1.85 1
1.94 1
1.86 1
1.88 1
1.98 1
1.94 1
1.9 1
1.86 1
1.98 1
1.91 1
1.86 1
1.88 1
2 1
1.81 1
1.91 1
1.86 1
1.95 1
1.97 1
1.87 1
1.88 1
1.95 1
1.97 1
1.88 1
1.86 1
1.83 1
1.85 1
1.98 1
1.94 1
1.82 1
1.86 1
1.83 1
1.85 1
1.91 1
1.91 1
1.86 1
2 1
1.82 1
1.86 1
1.95 1
1.99 1
1.82 1
1.81 1
1.81 1
1.94 1
1.97 1
1.97 1
2 1
1.87 1
1.97 1
1.97 1
1.94 1
1.97 1
1.9 1
1.91 1
1.94 1
1.93 1
1.89 1
1.89 1
1.97 1
1.94 1
1.82 1
1.95 1
1.91 1
1.93 1
1.86 1
1.91 1
1.91 1
1.83 1
1.98 1
1.98 1
1.99 1
1.81 1
1.83 1
1.9 1
1.9 1
1.88 1
1.84 1
1.82 1
1.97 1
1.94 1
1.97 1
1.89 1
1.97 1
1.9 1
1.97 1
1.88 1
1.99 1
1.94 1
1.81 1
1.91 1
1.97 1
1.88 1
1.9 1
1.89 1
1.95 1
1.98 1
1.89 1
1.98 1
1.87 1
1.82 1
1.97 1
1.98 1
1.95 1
1.99 1
1.93 1
1.84 1
1.95 1
1.95 1
2 1
1.97 0
1.91 0
1.88 0
1.81 0
1.85 0
1.98 0
1.98 0
2 0
1.96 0
1.92 0
1.94 0
1.89 0
2 0
1.83 0
1.85 0
1.87 0
1.89 0
1.82 0
1.89 0
1.84 0
1.86 0
1.91 0
2 0
1.83 0
1.97 0
1.99 0
1.84 0
1.98 0
1.91 0
1.82 0
1.91 0
1.81 0
1.95 0
1.88 0
1.96 0
1.85 0
1.93 0
1.85 0
1.92 0
1.87 0
1.83 0
1.94 0
1.88 0
1.92 0
2 0
1.81 0
1.89 0
1.86 0
1.84 0
1.87 0
1.88 0
1.87 0
1.95 0
1.84 0
1.89 0
1.81 0
1.94 0
1.92 0
1.99 0
1.81 0
2 0
1.89 0
1.9 0
1.81 0
1.9 0
2 0
1.94 0
1.88 0
1.83 0
1.84 0
1.97 0
1.94 0
1.99 0
1.89 0
1.87 0
1.98 0
1.97 0
1.97 0
1.9 0
1.89 0
1.94 0
1.98 0
1.95 0
1.85 0
1.9 0
1.96 0
2 0
1.85 0
2 0
1.91 0
1.92 0
1.98 0
1.98 0
1.94 0
1.85 0
1.86 0
1.9 0
1.9 0
1.95 0
1.84 0
1.84 0
1.83 0
1.87 0
1.85 0
1.82 0
1.99 0
1.98 0
1.81 0
1.92 0
1.83 0
1.86 0
1.84 0
1.99 0
1.99 0
1.87 0
2 0
1.88 0
1.82 0
1.93 0
1.82 0
1.91 0
1.94 0
1.9 0
1.83 0
1.94 0
1.88 0
1.9 0
2 0
1.9 0
1.96 0
1.99 0
1.86 0
1.88 0
1.98 0
1.85 0
1.94 0
1.96 0
1.97 0
1.91 0
1.94 0
1.95 0
1.92 0
1.82 0
1.91 0
1.96 0
1.88 0
1.9 0
1.91 0
1.9 0
1.85 0
2 0
1.97 0
1.82 0
1.88 0
1.93 0
1.86 0
2 0
2 0
1.92 0
1.95 0
1.9 0
1.93 0
1.85 0
1.92 0
1.82 0
1.81 0
1.96 0
1.96 0
1.81 0
1.99 0
1.83 0
1.98 0
1.97 0
1.81 0
1.96 0
1.91 0
1.99 0
1.83 0
1.99 0
1.95 0
1.9 0
1.99 0
1.85 0
1.96 0
1.99 0
1.82 0
1.87 0
1.96 0
1.95 0
1.84 0
1.98 0
2 0
1.97 0
1.97 0
1.96 0
1.91 0
1.82 0
1.94 0
1.88 0
1.93 0
1.9 0
1.97 0
1.97 0
1.85 0
1.83 0
1.91 0
1.95 0
1.92 0
1.88 0
1.96 0
1.92 0
1.91 0
1.84 0
1.88 0
1.97 0
1.95 0
1.94 0
1.99 0
1.99 0
1.97 0
1.92 0
1.84 0
1.9 0
1.81 0
1.83 0
1.86 0
1.95 0
1.98 0
2 0
1.83 0
1.91 0
1.92 0
1.88 0
1.9 0
1.89 0
1.91 0
1.86 0
1.92 0
1.87 0
1.91 0
1.96 0
1.88 0
1.98 0
1.88 0
1.81 0
1.85 0
1.93 0
1.9 0
1.96 0
1.92 0
1.89 0
1.97 0
1.97 0
1.99 0
1.98 0
1.89 0
1.86 0
1.83 0
1.95 0
1.91 0
1.9 0
1.93 0
1.98 0
1.89 0
1.93 0
1.93 0
1.89 0
1.85 0
1.97 0
1.92 0
1.81 0
1.96 0
1.82 0
1.84 0
1.93 0
1.81 0
1.89 0
1.96 0
1.83 0
1.85 0
2 0
1.85 0
1.99 0
1.85 0
1.88 0
1.94 0
1.82 0
1.81 0
1.97 0
1.86 0
2 0
1.98 0
1.98 0
1.97 0
1.85 0
1.88 0
1.82 0
1.96 0
1.83 0
1.88 0
1.88 0
1.95 0
1.92 0
1.88 0
1.9 0
1.95 0
1.93 0
1.99 0
1.81 0
1.93 0
1.95 0
1.98 0
1.85 0
1.81 0
1.83 0
1.97 0
1.87 0
1.91 0
1.95 0
1.82 0
1.91 0
1.97 0
1.96 0
1.91 0
1.96 0
1.83 0
1.92 0
1.99 0
1.98 0
2 0
1.91 0
1.92 0
1.93 0
1.83 0
1.94 0
1.98 0
1.93 0
1.97 0
1.89 0
1.89 0
1.85 0
1.89 0
1.84 0
2 0
1.83 0
1.96 0
1.9 0
1.91 0
1.85 0
1.84 0
1.86 0
1.97 0
1.94 0
1.89 0
1.99 0
1.88 0
1.94 0
1.98 0
1.92 0
1.94 0
1.89 0
1.97 0
1.9 0
1.98 0
1.83 0
1.89 0
1.85 0
1.99 0
1.86 0
1.95 0
1.88 0
1.95 0
1.92 0
1.94 0
1.94 0
1.96 0
2 0
1.86 0
1.94 0
1.81 0
1.97 0
1.88 0
1.89 0
1.84 0
1.93 0
1.83 0
1.82 0
1.84 0
1.91 0
1.85 0
1.92 0
1.97 0
1.98 0
1.94 0
1.95 0
2 0
1.91 0
1.92 0
1.83 0
1.95 0
1.83 0
1.86 0
1.93 0
1.86 0
1.85 0
1.96 0
1.89 0
1.89 0
1.81 0
1.94 0
1.94 0
1.81 0
1.95 0
1.86 0
1.97 0
1.89 0
1.86 0
1.93 0
1.84 0
1.99 0
1.88 0
1.88 0
1.92 0
1.94 0
1.9 0
1.9 0
1.97 0
1.83 0
1.99 0
2 0
2 0
1.9 0
1.86 0
1.85 0
1.84 0
1.89 0
1.94 0
1.98 0
1.87 0
1.82 0
1.92 0
1.94 0
1.88 0
1.9 0
1.84 0
1.9 0
2 0
1.86 0
1.86 0
2 0
1.91 0
1.83 0
1.82 0
1.97 0
1.86 0
1.82 0
1.86 0
1.98 0
1.96 0
1.88 0
1.82 0
1.87 0
1.97 0
1.81 0
1.87 0
1.89 0
1.98 0
1.99 0
1.98 0
1.82 0
2 0
1.83 0
1.88 0
1.97 0
1.82 0
1.81 0
1.86 0
1.81 0
1.92 0
1.9 0
1.97 0
2 0
1.99 0
1.89 0
1.91 0
1.97 0
1.93 0
1.97 0
1.84 0
1.94 0
1.87 0
1.99 0
1.91 0
1.83 0
1.88 0
1.89 0
1.97 0
1.93 0
1.81 0
2 0
1.84 0
1.86 0
1.81 0
2 0
1.88 0
1.83 0
1.84 0
1.81 0
1.83 0
2 0
1.81 0
1.91 0
1.96 0
1.92 0
1.95 0
1.92 0
1.86 0
1.86 0
1.85 0
1.96 0
1.96 0
1.88 0
1.81 0
1.88 0
1.88 0
1.92 0
1.84 0
1.87 0
1.96 0
1.92 0
1.92 0
1.9 0
1.83 0
1.87 0
1.99 0
1.94 0
1.97 0
1.86 0
2 0
1.88 0
2 0
1.97 0
1.86 0
1.92 0
1.91 0
1.98 0
1.95 0
1.97 0
1.81 0
1.97 0
2 0
1.97 0
1.88 0
1.88 0
1.91 0
1.81 0
1.84 0
1.91 0
1.88 0
1.81 0
1.94 0
1.96 0
1.91 0
1.88 0
1.87 0
1.93 0
2 0
1.81 0
1.88 0
1.92 0
1.91 0
1.92 0
1.9 0
1.95 0
1.84 0
1.87 0
1.96 0
1.86 0
1.95 0
1.85 0
1.94 0
1.87 0
2 0
1.91 0
1.93 0
1.86 0
1.98 0
1.98 0
1.93 0
1.95 0
1.88 0
1.84 0
1.94 0
1.99 0
1.95 0
1.94 0
1.9 0
1.98 0
1.93 0
1.86 0
1.81 0
1.91 0
1.94 0
1.92 0
1.84 0
1.82 0
1.95 0
1.9 0
1.95 0
1.93 0
1.83 0
1.83 0
1.89 0
1.96 0
1.94 0
1.82 0
1.89 0
1.9 0
1.89 0
1.97 0
1.91 0
1.92 0
1.93 0
1.88 0
1.98 0
1.83 0
1.96 0
1.85 0
1.96 0
1.98 0
1.86 0
1.81 0
1.89 0
1.82 0
1.93 0
1.85 0
1.87 0
1.98 0
1.87 0
1.9 0
1.91 0
1.95 0
1.95 0
1.88 0
1.92 0
1.88 0
1.9 0
1.87 0
1.91 0
1.82 0
1.89 0
1.98 0
1.91 0
1.82 0
1.89 0
1.81 0
1.9 0
1.88 0
1.98 0
1.95 0
1.9 0
1.81 0
1.83 0
1.96 0
1.89 0
1.97 0
1.87 0
1.86 0
1.87 0
1.82 0
1.92 0
1.91 0
1.89 0
1.84 0
1.84 0
1.82 0
1.89 0
1.99 0
1.83 0
1.99 0
1.87 0
1.94 0
1.91 0
2 0
1.87 0
1.82 0
1.82 0
1.83 0
1.87 0
1.98 0
1.92 0
1.87 0
1.81 0
1.99 0
1.92 0
1.92 0
1.87 0
1.98 0
1.95 0
1.95 0
1.83 0
1.94 0
1.98 0
1.81 0
1.84 0
1.99 0
1.99 0
1.87 0
1.94 0
2 0
1.96 0
1.84 0
1.91 0
1.84 0
1.88 0
1.98 0
1.97 0
1.93 0
1.81 0
1.89 0
1.84 0
1.95 0
1.89 0
1.98 0
1.87 0
1.94 0
1.86 0
1.93 0
1.81 0
1.83 0
1.99 0
1.89 0
1.82 0
1.89 0
1.98 0
1.93 0
1.87 0
1.86 0
1.97 0
1.97 0
1.9 0
1.99 0
1.88 0
1.85 0
1.95 0
1.96 0
1.95 0
1.95 0
1.81 0
1.81 0
1.84 0
1.92 0
1.9 0
1.97 0
1.92 0
1.85 0
1.81 0
1.93 0
1.95 0
1.86 0
1.95 0
1.81 0
1.9 0
1.92 0
1.94 0
1.9 0
1.93 0
1.89 0
1.97 0
1.84 0
1.84 0
1.98 0
1.88 0
1.82 0
1.86 0
1.94 0
1.91 0
1.96 0
1.85 0
1.83 0
1.95 0
1.89 0
1.83 0
1.99 0
1.94 0
1.92 0
1.91 0
1.91 0
1.83 0
2 0
1.82 0
1.91 0
1.95 0
1.91 0
1.88 0
1.9 0
1.91 0
1.98 0
1.85 0
1.87 0
1.82 0
1.96 0
1.93 0
1.94 0
1.98 0
2 0
1.92 0
1.81 0
1.9 0
1.97 0
1.91 0
1.83 0
1.91 0
1.82 0
1.92 0
1.82 0
1.96 0
1.95 0
1.84 0
1.82 0
1.82 0
1.82 0
1.95 0
1.94 0
1.94 0
1.84 0
1.83 0
2 0
1.97 0
1.81 0
1.9 0
1.82 0
1.94 0
1.81 0
1.9 0
1.94 0
2 0
1.9 0
1.96 0
1.87 0
1.82 0
1.95 0
1.96 0
1.84 0
1.99 0
1.88 0
1.88 0
1.98 0
1.86 0
1.98 0
1.97 0
1.9 0
1.96 0
1.94 0
1.97 0
1.94 0
1.92 0
1.86 0
1.95 0
1.94 0
1.84 0
2 0
2 0
1.98 0
1.85 0
1.96 0
1.86 0
1.9 0
1.88 0
1.84 0
1.96 0
1.99 0
1.82 0
1.97 0
1.92 0
1.88 0
1.9 0
2 0
1.9 0
2 0
1.84 0
1.96 0
1.94 0
1.84 0
1.92 0
1.91 0
2 0
1.98 0
1.95 0
1.87 0
1.88 0
1.87 0
1.83 0
1.86 0
1.81 0
1.86 0
1.82 0
1.86 0
1.83 0
1.93 0
1.94 0
1.97 0
1.83 0
1.84 0
2 0
1.97 0
1.82 0
1.9 0
1.98 0
1.99 0
1.98 0
1.88 0
1.92 0
1.81 0
1.96 0
1.85 0
1.9 0
1.88 0
1.84 0
1.82 0
1.81 0
2 0
1.94 0
1.83 0
1.91 0
1.89 0
1.86 0
1.94 0
1.96 0
1.83 0
1.92 0
1.9 0
1.85 0
1.92 0
1.89 0
1.92 0
1.9 0
1.92 0
1.94 0
1.92 0
1.98 0
1.96 0
2 0
1.89 0
1.81 0
1.82 0
1.85 0
1.91 0
1.84 0
1.98 0
1.91 0
1.92 0
1.85 0
1.94 0
1.95 0
1.89 0
1.89 0
1.88 0
1.87 0
1.9 0
1.84 0
1.81 0
1.81 0
1.98 0
2 0
1.89 0
1.82 0
1.88 0
1.81 0
1.91 0
1.88 0
1.82 0
1.95 0
1.82 0
1.89 0
1.98 0
1.88 0
1.89 0
1.96 0
1.88 0
1.99 0
1.99 0
1.94 0
1.92 0
1.9 0
1.9 0
1.95 0
1.82 0
1.86 0
1.94 0
1.97 0
1.92 0
1.88 0
1.95 0
1.96 0
1.97 0
1.99 0
